0.3528380000
0.3528380000
0.3528380000
0.3528380000
0.3528380000
0.3528380000
0.3519191000
0.3519191000
0.3519191000
0.3519191000
0.3519191000
0.3519191000
0.7726505000
0.7726505000
0.7726505000
0.7726505000
0.7726505000
0.7726505000
0.2952747000
0.2952747000
0.2952747000
0.2952747000
0.2952747000
0.2952747000
0.2196616000
0.2196616000
0.2196616000
0.2196616000
0.2196616000
0.2196616000
0.2689678000
0.2689678000
0.2689678000
0.2689678000
0.2689678000
0.2689678000
0.3013300000
0.3013300000
0.3013300000
0.3013300000
0.3013300000
0.3013300000
0.1945246000
0.1945246000
0.1945246000
0.1945246000
0.1945246000
0.1945246000
0.3910569000
0.3910569000
0.3910569000
0.3910569000
0.3910569000
0.3910569000
0.2683539000
0.2683539000
0.2683539000
0.2683539000
0.2683539000
0.2683539000
0.5967055000
0.5967055000
0.5967055000
0.5967055000
0.5967055000
0.5967055000
0.2772999000
0.2772999000
0.2772999000
0.2772999000
0.2772999000
0.2772999000
0.1415973000
0.1415973000
0.1415973000
0.1415973000
0.1415973000
0.1415973000
0.4241887000
0.4241887000
0.4241887000
0.4241887000
0.4241887000
0.4241887000
0.5179536000
0.5179536000
0.5179536000
0.5179536000
0.5179536000
0.5179536000
0.2893344000
0.2893344000
0.2893344000
0.2893344000
0.2893344000
0.2893344000
0.4945702000
0.4945702000
0.4945702000
0.4945702000
0.4945702000
0.4945702000
0.2845572000
0.2845572000
0.2845572000
0.2845572000
0.2845572000
0.2845572000
0.2081352000
0.2081352000
0.2081352000
0.2081352000
0.2081352000
0.2081352000
0.4719326000
0.4719326000
0.4719326000
0.4719326000
0.4719326000
0.4719326000
0.2826880000
0.2826880000
0.2826880000
0.2826880000
0.2826880000
0.2826880000
0.1915385000
0.1915385000
0.1915385000
0.1915385000
0.1915385000
0.1915385000
0.3198644000
0.3198644000
0.3198644000
0.3198644000
0.3198644000
0.3198644000
0.2151549000
0.2151549000
0.2151549000
0.2151549000
0.2151549000
0.2151549000
0.4109962000
0.4109962000
0.4109962000
0.4109962000
0.4109962000
0.4109962000
0.3255919000
0.3255919000
0.3255919000
0.3255919000
0.3255919000
0.3255919000
0.6406888000
0.6406888000
0.6406888000
0.6406888000
0.6406888000
0.6406888000
0.5612373000
0.5612373000
0.5612373000
0.5612373000
0.5612373000
0.5612373000
0.5758154000
0.5758154000
0.5758154000
0.5758154000
0.5758154000
0.5758154000
0.3969548000
0.3969548000
0.3969548000
0.3969548000
0.3969548000
0.3969548000
0.4681859000
0.4681859000
0.4681859000
0.4681859000
0.4681859000
0.4681859000
0.5740210000
0.5740210000
0.5740210000
0.5740210000
0.5740210000
0.5740210000
0.1585433000
0.1585433000
0.1585433000
0.1585433000
0.1585433000
0.1585433000
0.4388057000
0.4388057000
0.4388057000
0.4388057000
0.4388057000
0.4388057000
0.3627040000
0.3627040000
0.3627040000
0.3627040000
0.3627040000
0.3627040000
0.1868519000
0.1868519000
0.1868519000
0.1868519000
0.1868519000
0.1868519000
0.3824260000
0.3824260000
0.3824260000
0.3824260000
0.3824260000
0.3824260000
0.3748807000
0.3748807000
0.3748807000
0.3748807000
0.3748807000
0.3748807000
0.4346084000
0.4346084000
0.4346084000
0.4346084000
0.4346084000
0.4346084000
0.4813466000
0.4813466000
0.4813466000
0.4813466000
0.4813466000
0.4813466000
0.4407196000
0.4407196000
0.4407196000
0.4407196000
0.4407196000
0.4407196000
0.3498577000
0.3498577000
0.3498577000
0.3498577000
0.3498577000
0.3498577000
0.7947873000
0.7947873000
0.7947873000
0.7947873000
0.7947873000
0.7947873000
1.0312821000
1.0312821000
1.0312821000
1.0312821000
1.0312821000
1.0312821000
0.3309572000
0.3309572000
0.3309572000
0.3309572000
0.3309572000
0.3309572000
0.4715479000
0.4715479000
0.4715479000
0.4715479000
0.4715479000
0.4715479000
0.9078055000
0.9078055000
0.9078055000
0.9078055000
0.9078055000
0.9078055000
0.5267110000
0.5267110000
0.5267110000
0.5267110000
0.5267110000
0.5267110000
0.2744759000
0.2744759000
0.2744759000
0.2744759000
0.2744759000
0.2744759000
0.4860278000
0.4860278000
0.4860278000
0.4860278000
0.4860278000
0.4860278000
0.3693937000
0.3693937000
0.3693937000
0.3693937000
0.3693937000
0.3693937000
0.2041182000
0.2041182000
0.2041182000
0.2041182000
0.2041182000
0.2041182000
0.2150549000
0.2150549000
0.2150549000
0.2150549000
0.2150549000
0.2150549000
0.7541612000
0.7541612000
0.7541612000
0.7541612000
0.7541612000
0.7541612000
0.4685916000
0.4685916000
0.4685916000
0.4685916000
0.4685916000
0.4685916000
0.3265333000
0.3265333000
0.3265333000
0.3265333000
0.3265333000
0.3265333000
0.4815990000
0.4815990000
0.4815990000
0.4815990000
0.4815990000
0.4815990000
0.3155527000
0.3155527000
0.3155527000
0.3155527000
0.3155527000
0.3155527000
0.3476652000
0.3476652000
0.3476652000
0.3476652000
0.3476652000
0.3476652000
0.3734474000
0.3734474000
0.3734474000
0.3734474000
0.3734474000
0.3734474000
0.2879675000
0.2879675000
0.2879675000
0.2879675000
0.2879675000
0.2879675000
0.2753285000
0.2753285000
0.2753285000
0.2753285000
0.2753285000
0.2753285000
0.2745752000
0.2745752000
0.2745752000
0.2745752000
0.2745752000
0.2745752000
0.6582345000
0.6582345000
0.6582345000
0.6582345000
0.6582345000
0.6582345000
0.6662512000
0.6662512000
0.6662512000
0.6662512000
0.6662512000
0.6662512000
0.4163222000
0.4163222000
0.4163222000
0.4163222000
0.4163222000
0.4163222000
0.2357897000
0.2357897000
0.2357897000
0.2357897000
0.2357897000
0.2357897000
0.9227463000
0.9227463000
0.9227463000
0.9227463000
0.9227463000
0.9227463000
0.4046266000
0.4046266000
0.4046266000
0.4046266000
0.4046266000
0.4046266000
0.6590170000
0.6590170000
0.6590170000
0.6590170000
0.6590170000
0.6590170000
0.5000340000
0.5000340000
0.5000340000
0.5000340000
0.5000340000
0.5000340000
0.5315023000
0.5315023000
0.5315023000
0.5315023000
0.5315023000
0.5315023000
0.2277986000
0.2277986000
0.2277986000
0.2277986000
0.2277986000
0.2277986000
0.4515108000
0.4515108000
0.4515108000
0.4515108000
0.4515108000
0.4515108000
0.4062916000
0.4062916000
0.4062916000
0.4062916000
0.4062916000
0.4062916000
0.3251217000
0.3251217000
0.3251217000
0.3251217000
0.3251217000
0.3251217000
0.1756192000
0.1756192000
0.1756192000
0.1756192000
0.1756192000
0.1756192000
0.2429185000
0.2429185000
0.2429185000
0.2429185000
0.2429185000
0.2429185000
0.2807056000
0.2807056000
0.2807056000
0.2807056000
0.2807056000
0.2807056000
0.5096163000
0.5096163000
0.5096163000
0.5096163000
0.5096163000
0.5096163000
0.6205496000
0.6205496000
0.6205496000
0.6205496000
0.6205496000
0.6205496000
0.6232845000
0.6232845000
0.6232845000
0.6232845000
0.6232845000
0.6232845000
0.4709447000
0.4709447000
0.4709447000
0.4709447000
0.4709447000
0.4709447000
0.3899979000
0.3899979000
0.3899979000
0.3899979000
0.3899979000
0.3899979000
0.4428037000
0.4428037000
0.4428037000
0.4428037000
0.4428037000
0.4428037000
0.1688027000
0.1688027000
0.1688027000
0.1688027000
0.1688027000
0.1688027000
0.4225579000
0.4225579000
0.4225579000
0.4225579000
0.4225579000
0.4225579000
0.1368644000
0.1368644000
0.1368644000
0.1368644000
0.1368644000
0.1368644000
0.2980612000
0.2980612000
0.2980612000
0.2980612000
0.2980612000
0.2980612000
0.2833082000
0.2833082000
0.2833082000
0.2833082000
0.2833082000
0.2833082000
0.4505995000
0.4505995000
0.4505995000
0.4505995000
0.4505995000
0.4505995000
0.7277345000
0.7277345000
0.7277345000
0.7277345000
0.7277345000
0.7277345000
0.3842041000
0.3842041000
0.3842041000
0.3842041000
0.3842041000
0.3842041000
0.7503928000
0.7503928000
0.7503928000
0.7503928000
0.7503928000
0.7503928000
0.3586512000
0.3586512000
0.3586512000
0.3586512000
0.3586512000
0.3586512000
0.5154748000
0.5154748000
0.5154748000
0.5154748000
0.5154748000
0.5154748000
0.2874855000
0.2874855000
0.2874855000
0.2874855000
0.2874855000
0.2874855000
0.6988496000
0.6988496000
0.6988496000
0.6988496000
0.6988496000
0.6988496000
0.3626340000
0.3626340000
0.3626340000
0.3626340000
0.3626340000
0.3626340000
0.2094852000
0.2094852000
0.2094852000
0.2094852000
0.2094852000
0.2094852000