0.1867379000
0.1867379000
0.1867379000
0.1867379000
0.1867379000
0.1867379000
0.9390389000
0.9390389000
0.9390389000
0.9390389000
0.9390389000
0.9390389000
1.3096474000
1.3096474000
1.3096474000
1.3096474000
1.3096474000
1.3096474000
0.1617353000
0.1617353000
0.1617353000
0.1617353000
0.1617353000
0.1617353000
0.6929875000
0.6929875000
0.6929875000
0.6929875000
0.6929875000
0.6929875000
1.1816876000
1.1816876000
1.1816876000
1.1816876000
1.1816876000
1.1816876000
1.4055946000
1.4055946000
1.4055946000
1.4055946000
1.4055946000
1.4055946000
1.7420916000
1.7420916000
1.7420916000
1.7420916000
1.7420916000
1.7420916000
0.2501292000
0.2501292000
0.2501292000
0.2501292000
0.2501292000
0.2501292000
1.1539273000
1.1539273000
1.1539273000
1.1539273000
1.1539273000
1.1539273000
0.3279797000
0.3279797000
0.3279797000
0.3279797000
0.3279797000
0.3279797000
0.9998061000
0.9998061000
0.9998061000
0.9998061000
0.9998061000
0.9998061000
0.5143432000
0.5143432000
0.5143432000
0.5143432000
0.5143432000
0.5143432000
0.6293078000
0.6293078000
0.6293078000
0.6293078000
0.6293078000
0.6293078000
2.0148457000
2.0148457000
2.0148457000
2.0148457000
2.0148457000
2.0148457000
2.3140741000
2.3140741000
2.3140741000
2.3140741000
2.3140741000
2.3140741000
0.3007970000
0.3007970000
0.3007970000
0.3007970000
0.3007970000
0.3007970000
2.0882383000
2.0882383000
2.0882383000
2.0882383000
2.0882383000
2.0882383000
0.3730425000
0.3730425000
0.3730425000
0.3730425000
0.3730425000
0.3730425000
0.4095112000
0.4095112000
0.4095112000
0.4095112000
0.4095112000
0.4095112000
0.2107515000
0.2107515000
0.2107515000
0.2107515000
0.2107515000
0.2107515000
0.5385970000
0.5385970000
0.5385970000
0.5385970000
0.5385970000
0.5385970000
0.5080853000
0.5080853000
0.5080853000
0.5080853000
0.5080853000
0.5080853000
1.9545225000
1.9545225000
1.9545225000
1.9545225000
1.9545225000
1.9545225000
0.8766163000
0.8766163000
0.8766163000
0.8766163000
0.8766163000
0.8766163000
0.5188336000
0.5188336000
0.5188336000
0.5188336000
0.5188336000
0.5188336000
1.7730290000
1.7730290000
1.7730290000
1.7730290000
1.7730290000
1.7730290000
0.3387930000
0.3387930000
0.3387930000
0.3387930000
0.3387930000
0.3387930000
2.0285718000
2.0285718000
2.0285718000
2.0285718000
2.0285718000
2.0285718000
0.3486010000
0.3486010000
0.3486010000
0.3486010000
0.3486010000
0.3486010000
0.4581090000
0.4581090000
0.4581090000
0.4581090000
0.4581090000
0.4581090000
0.7457196000
0.7457196000
0.7457196000
0.7457196000
0.7457196000
0.7457196000
0.3432922000
0.3432922000
0.3432922000
0.3432922000
0.3432922000
0.3432922000
0.2926935000
0.2926935000
0.2926935000
0.2926935000
0.2926935000
0.2926935000
0.2660300000
0.2660300000
0.2660300000
0.2660300000
0.2660300000
0.2660300000
0.4173788000
0.4173788000
0.4173788000
0.4173788000
0.4173788000
0.4173788000
0.2250445000
0.2250445000
0.2250445000
0.2250445000
0.2250445000
0.2250445000
1.3584231000
1.3584231000
1.3584231000
1.3584231000
1.3584231000
1.3584231000
0.8193861000
0.8193861000
0.8193861000
0.8193861000
0.8193861000
0.8193861000
0.1925866000
0.1925866000
0.1925866000
0.1925866000
0.1925866000
0.1925866000
0.7302772000
0.7302772000
0.7302772000
0.7302772000
0.7302772000
0.7302772000
0.4592919000
0.4592919000
0.4592919000
0.4592919000
0.4592919000
0.4592919000
0.6621058000
0.6621058000
0.6621058000
0.6621058000
0.6621058000
0.6621058000
0.8234408000
0.8234408000
0.8234408000
0.8234408000
0.8234408000
0.8234408000
1.0823132000
1.0823132000
1.0823132000
1.0823132000
1.0823132000
1.0823132000
0.2868555000
0.2868555000
0.2868555000
0.2868555000
0.2868555000
0.2868555000
1.9041278000
1.9041278000
1.9041278000
1.9041278000
1.9041278000
1.9041278000
0.3847215000
0.3847215000
0.3847215000
0.3847215000
0.3847215000
0.3847215000
1.2353422000
1.2353422000
1.2353422000
1.2353422000
1.2353422000
1.2353422000
0.6312375000
0.6312375000
0.6312375000
0.6312375000
0.6312375000
0.6312375000
0.7717163000
0.7717163000
0.7717163000
0.7717163000
0.7717163000
0.7717163000
0.2030003000
0.2030003000
0.2030003000
0.2030003000
0.2030003000
0.2030003000
0.5072620000
0.5072620000
0.5072620000
0.5072620000
0.5072620000
0.5072620000
1.5615287000
1.5615287000
1.5615287000
1.5615287000
1.5615287000
1.5615287000
1.0204244000
1.0204244000
1.0204244000
1.0204244000
1.0204244000
1.0204244000
0.3153020000
0.3153020000
0.3153020000
0.3153020000
0.3153020000
0.3153020000
1.1528664000
1.1528664000
1.1528664000
1.1528664000
1.1528664000
1.1528664000
1.0542934000
1.0542934000
1.0542934000
1.0542934000
1.0542934000
1.0542934000
0.7262466000
0.7262466000
0.7262466000
0.7262466000
0.7262466000
0.7262466000
0.6874362000
0.6874362000
0.6874362000
0.6874362000
0.6874362000
0.6874362000
0.2007884000
0.2007884000
0.2007884000
0.2007884000
0.2007884000
0.2007884000
0.2686960000
0.2686960000
0.2686960000
0.2686960000
0.2686960000
0.2686960000
1.0795210000
1.0795210000
1.0795210000
1.0795210000
1.0795210000
1.0795210000
0.7152793000
0.7152793000
0.7152793000
0.7152793000
0.7152793000
0.7152793000
0.8400885000
0.8400885000
0.8400885000
0.8400885000
0.8400885000
0.8400885000
0.3214799000
0.3214799000
0.3214799000
0.3214799000
0.3214799000
0.3214799000
0.2368337000
0.2368337000
0.2368337000
0.2368337000
0.2368337000
0.2368337000
0.4211811000
0.4211811000
0.4211811000
0.4211811000
0.4211811000
0.4211811000
0.4478439000
0.4478439000
0.4478439000
0.4478439000
0.4478439000
0.4478439000
1.0883220000
1.0883220000
1.0883220000
1.0883220000
1.0883220000
1.0883220000
0.4857090000
0.4857090000
0.4857090000
0.4857090000
0.4857090000
0.4857090000
0.9097010000
0.9097010000
0.9097010000
0.9097010000
0.9097010000
0.9097010000
0.2109400000
0.2109400000
0.2109400000
0.2109400000
0.2109400000
0.2109400000
0.2503749000
0.2503749000
0.2503749000
0.2503749000
0.2503749000
0.2503749000
2.1369709000
2.1369709000
2.1369709000
2.1369709000
2.1369709000
2.1369709000
0.2632602000
0.2632602000
0.2632602000
0.2632602000
0.2632602000
0.2632602000
0.2782339000
0.2782339000
0.2782339000
0.2782339000
0.2782339000
0.2782339000
0.3797530000
0.3797530000
0.3797530000
0.3797530000
0.3797530000
0.3797530000
0.3607623000
0.3607623000
0.3607623000
0.3607623000
0.3607623000
0.3607623000
1.0117313000
1.0117313000
1.0117313000
1.0117313000
1.0117313000
1.0117313000
1.3882577000
1.3882577000
1.3882577000
1.3882577000
1.3882577000
1.3882577000
1.6136312000
1.6136312000
1.6136312000
1.6136312000
1.6136312000
1.6136312000
0.7289784000
0.7289784000
0.7289784000
0.7289784000
0.7289784000
0.7289784000
1.9809494000
1.9809494000
1.9809494000
1.9809494000
1.9809494000
1.9809494000
0.8601554000
0.8601554000
0.8601554000
0.8601554000
0.8601554000
0.8601554000
0.4956967000
0.4956967000
0.4956967000
0.4956967000
0.4956967000
0.4956967000
0.8191087000
0.8191087000
0.8191087000
0.8191087000
0.8191087000
0.8191087000
0.3856340000
0.3856340000
0.3856340000
0.3856340000
0.3856340000
0.3856340000
0.2531950000
0.2531950000
0.2531950000
0.2531950000
0.2531950000
0.2531950000
1.3747910000
1.3747910000
1.3747910000
1.3747910000
1.3747910000
1.3747910000
0.1936757000
0.1936757000
0.1936757000
0.1936757000
0.1936757000
0.1936757000
1.0362452000
1.0362452000
1.0362452000
1.0362452000
1.0362452000
1.0362452000
0.3324377000
0.3324377000
0.3324377000
0.3324377000
0.3324377000
0.3324377000
1.0328460000
1.0328460000
1.0328460000
1.0328460000
1.0328460000
1.0328460000
0.6160589000
0.6160589000
0.6160589000
0.6160589000
0.6160589000
0.6160589000
2.0911536000
2.0911536000
2.0911536000
2.0911536000
2.0911536000
2.0911536000
0.2135315000
0.2135315000
0.2135315000
0.2135315000
0.2135315000
0.2135315000
1.9615783000
1.9615783000
1.9615783000
1.9615783000
1.9615783000
1.9615783000
0.3514437000
0.3514437000
0.3514437000
0.3514437000
0.3514437000
0.3514437000
1.5381119000
1.5381119000
1.5381119000
1.5381119000
1.5381119000
1.5381119000
