2.7656250000
2.7656250000
2.7656250000
2.7656250000
2.7656250000
2.7656250000
10.9843750000
10.9843750000
10.9843750000
10.9843750000
10.9843750000
10.9843750000
18.6406250000
18.6406250000
18.6406250000
18.6406250000
18.6406250000
18.6406250000
2.3593750000
2.3593750000
2.3593750000
2.3593750000
2.3593750000
2.3593750000
9.3593750000
9.3593750000
9.3593750000
9.3593750000
9.3593750000
9.3593750000
16.0937500000
16.0937500000
16.0937500000
16.0937500000
16.0937500000
16.0937500000
19.5156250000
19.5156250000
19.5156250000
19.5156250000
19.5156250000
19.5156250000
24.6093750000
24.6093750000
24.6093750000
24.6093750000
24.6093750000
24.6093750000
3.3437500000
3.3437500000
3.3437500000
3.3437500000
3.3437500000
3.3437500000
15.4375000000
15.4375000000
15.4375000000
15.4375000000
15.4375000000
15.4375000000
4.6562500000
4.6562500000
4.6562500000
4.6562500000
4.6562500000
4.6562500000
12.2968750000
12.2968750000
12.2968750000
12.2968750000
12.2968750000
12.2968750000
6.2187500000
6.2187500000
6.2187500000
6.2187500000
6.2187500000
6.2187500000
7.7343750000
7.7343750000
7.7343750000
7.7343750000
7.7343750000
7.7343750000
26.2031250000
26.2031250000
26.2031250000
26.2031250000
26.2031250000
26.2031250000
31.0312500000
31.0312500000
31.0312500000
31.0312500000
31.0312500000
31.0312500000
4.1718750000
4.1718750000
4.1718750000
4.1718750000
4.1718750000
4.1718750000
29.2500000000
29.2500000000
29.2500000000
29.2500000000
29.2500000000
29.2500000000
4.9687500000
4.9687500000
4.9687500000
4.9687500000
4.9687500000
4.9687500000
5.1093750000
5.1093750000
5.1093750000
5.1093750000
5.1093750000
5.1093750000
2.8593750000
2.8593750000
2.8593750000
2.8593750000
2.8593750000
2.8593750000
7.1250000000
7.1250000000
7.1250000000
7.1250000000
7.1250000000
7.1250000000
6.3281250000
6.3281250000
6.3281250000
6.3281250000
6.3281250000
6.3281250000
25.4531250000
25.4531250000
25.4531250000
25.4531250000
25.4531250000
25.4531250000
12.3125000000
12.3125000000
12.3125000000
12.3125000000
12.3125000000
12.3125000000
6.3593750000
6.3593750000
6.3593750000
6.3593750000
6.3593750000
6.3593750000
23.9687500000
23.9687500000
23.9687500000
23.9687500000
23.9687500000
23.9687500000
4.0937500000
4.0937500000
4.0937500000
4.0937500000
4.0937500000
4.0937500000
28.1250000000
28.1250000000
28.1250000000
28.1250000000
28.1250000000
28.1250000000
4.8593750000
4.8593750000
4.8593750000
4.8593750000
4.8593750000
4.8593750000
6.4843750000
6.4843750000
6.4843750000
6.4843750000
6.4843750000
6.4843750000
9.8281250000
9.8281250000
9.8281250000
9.8281250000
9.8281250000
9.8281250000
4.0000000000
4.0000000000
4.0000000000
4.0000000000
4.0000000000
4.0000000000
3.8906250000
3.8906250000
3.8906250000
3.8906250000
3.8906250000
3.8906250000
3.7187500000
3.7187500000
3.7187500000
3.7187500000
3.7187500000
3.7187500000
5.4218750000
5.4218750000
5.4218750000
5.4218750000
5.4218750000
5.4218750000
2.4687500000
2.4687500000
2.4687500000
2.4687500000
2.4687500000
2.4687500000
18.6250000000
18.6250000000
18.6250000000
18.6250000000
18.6250000000
18.6250000000
11.7343750000
11.7343750000
11.7343750000
11.7343750000
11.7343750000
11.7343750000
2.7500000000
2.7500000000
2.7500000000
2.7500000000
2.7500000000
2.7500000000
10.1250000000
10.1250000000
10.1250000000
10.1250000000
10.1250000000
10.1250000000
7.0781250000
7.0781250000
7.0781250000
7.0781250000
7.0781250000
7.0781250000
9.8125000000
9.8125000000
9.8125000000
9.8125000000
9.8125000000
9.8125000000
11.4531250000
11.4531250000
11.4531250000
11.4531250000
11.4531250000
11.4531250000
15.4843750000
15.4843750000
15.4843750000
15.4843750000
15.4843750000
15.4843750000
3.3750000000
3.3750000000
3.3750000000
3.3750000000
3.3750000000
3.3750000000
24.2812500000
24.2812500000
24.2812500000
24.2812500000
24.2812500000
24.2812500000
5.5312500000
5.5312500000
5.5312500000
5.5312500000
5.5312500000
5.5312500000
15.5937500000
15.5937500000
15.5937500000
15.5937500000
15.5937500000
15.5937500000
9.2031250000
9.2031250000
9.2031250000
9.2031250000
9.2031250000
9.2031250000
10.0781250000
10.0781250000
10.0781250000
10.0781250000
10.0781250000
10.0781250000
3.0000000000
3.0000000000
3.0000000000
3.0000000000
3.0000000000
3.0000000000
7.0468750000
7.0468750000
7.0468750000
7.0468750000
7.0468750000
7.0468750000
21.9531250000
21.9531250000
21.9531250000
21.9531250000
21.9531250000
21.9531250000
13.8906250000
13.8906250000
13.8906250000
13.8906250000
13.8906250000
13.8906250000
4.1718750000
4.1718750000
4.1718750000
4.1718750000
4.1718750000
4.1718750000
15.3281250000
15.3281250000
15.3281250000
15.3281250000
15.3281250000
15.3281250000
14.5156250000
14.5156250000
14.5156250000
14.5156250000
14.5156250000
14.5156250000
9.0312500000
9.0312500000
9.0312500000
9.0312500000
9.0312500000
9.0312500000
8.4687500000
8.4687500000
8.4687500000
8.4687500000
8.4687500000
8.4687500000
2.7968750000
2.7968750000
2.7968750000
2.7968750000
2.7968750000
2.7968750000
3.2500000000
3.2500000000
3.2500000000
3.2500000000
3.2500000000
3.2500000000
13.0468750000
13.0468750000
13.0468750000
13.0468750000
13.0468750000
13.0468750000
8.7812500000
8.7812500000
8.7812500000
8.7812500000
8.7812500000
8.7812500000
9.8593750000
9.8593750000
9.8593750000
9.8593750000
9.8593750000
9.8593750000
4.0781250000
4.0781250000
4.0781250000
4.0781250000
4.0781250000
4.0781250000
2.5937500000
2.5937500000
2.5937500000
2.5937500000
2.5937500000
2.5937500000
5.3750000000
5.3750000000
5.3750000000
5.3750000000
5.3750000000
5.3750000000
5.8281250000
5.8281250000
5.8281250000
5.8281250000
5.8281250000
5.8281250000
14.6406250000
14.6406250000
14.6406250000
14.6406250000
14.6406250000
14.6406250000
6.8125000000
6.8125000000
6.8125000000
6.8125000000
6.8125000000
6.8125000000
11.9843750000
11.9843750000
11.9843750000
11.9843750000
11.9843750000
11.9843750000
2.9062500000
2.9062500000
2.9062500000
2.9062500000
2.9062500000
2.9062500000
3.3437500000
3.3437500000
3.3437500000
3.3437500000
3.3437500000
3.3437500000
28.1250000000
28.1250000000
28.1250000000
28.1250000000
28.1250000000
28.1250000000
3.2187500000
3.2187500000
3.2187500000
3.2187500000
3.2187500000
3.2187500000
3.3593750000
3.3593750000
3.3593750000
3.3593750000
3.3593750000
3.3593750000
4.7968750000
4.7968750000
4.7968750000
4.7968750000
4.7968750000
4.7968750000
4.5781250000
4.5781250000
4.5781250000
4.5781250000
4.5781250000
4.5781250000
12.6875000000
12.6875000000
12.6875000000
12.6875000000
12.6875000000
12.6875000000
18.8437500000
18.8437500000
18.8437500000
18.8437500000
18.8437500000
18.8437500000
21.3281250000
21.3281250000
21.3281250000
21.3281250000
21.3281250000
21.3281250000
9.6875000000
9.6875000000
9.6875000000
9.6875000000
9.6875000000
9.6875000000
25.0937500000
25.0937500000
25.0937500000
25.0937500000
25.0937500000
25.0937500000
10.1250000000
10.1250000000
10.1250000000
10.1250000000
10.1250000000
10.1250000000
5.9531250000
5.9531250000
5.9531250000
5.9531250000
5.9531250000
5.9531250000
9.6093750000
9.6093750000
9.6093750000
9.6093750000
9.6093750000
9.6093750000
2.3125000000
2.3125000000
2.3125000000
2.3125000000
2.3125000000
2.3125000000
2.9375000000
2.9375000000
2.9375000000
2.9375000000
2.9375000000
2.9375000000
17.4843750000
17.4843750000
17.4843750000
17.4843750000
17.4843750000
17.4843750000
2.4843750000
2.4843750000
2.4843750000
2.4843750000
2.4843750000
2.4843750000
13.2656250000
13.2656250000
13.2656250000
13.2656250000
13.2656250000
13.2656250000
4.2812500000
4.2812500000
4.2812500000
4.2812500000
4.2812500000
4.2812500000
13.6406250000
13.6406250000
13.6406250000
13.6406250000
13.6406250000
13.6406250000
7.8750000000
7.8750000000
7.8750000000
7.8750000000
7.8750000000
7.8750000000
27.4531250000
27.4531250000
27.4531250000
27.4531250000
27.4531250000
27.4531250000
2.7812500000
2.7812500000
2.7812500000
2.7812500000
2.7812500000
2.7812500000
25.4843750000
25.4843750000
25.4843750000
25.4843750000
25.4843750000
25.4843750000
4.3125000000
4.3125000000
4.3125000000
4.3125000000
4.3125000000
4.3125000000
19.7500000000
19.7500000000
19.7500000000
19.7500000000
19.7500000000
19.7500000000
