0.0720466000
0.0720466000
0.0720466000
0.0720466000
0.0720466000
0.0720466000
0.7597499000
0.7597499000
0.7597499000
0.7597499000
0.7597499000
0.7597499000
0.0722103000
0.0722103000
0.0722103000
0.0722103000
0.0722103000
0.0722103000
0.2681167000
0.2681167000
0.2681167000
0.2681167000
0.2681167000
0.2681167000
0.5092737000
0.5092737000
0.5092737000
0.5092737000
0.5092737000
0.5092737000
0.8202126000
0.8202126000
0.8202126000
0.8202126000
0.8202126000
0.8202126000
0.0874428000
0.0874428000
0.0874428000
0.0874428000
0.0874428000
0.0874428000
0.3716530000
0.3716530000
0.3716530000
0.3716530000
0.3716530000
0.3716530000
0.1649137000
0.1649137000
0.1649137000
0.1649137000
0.1649137000
0.1649137000
0.2104713000
0.2104713000
0.2104713000
0.2104713000
0.2104713000
0.2104713000
0.8708824000
0.8708824000
0.8708824000
0.8708824000
0.8708824000
0.8708824000
0.1068031000
0.1068031000
0.1068031000
0.1068031000
0.1068031000
0.1068031000
0.1360608000
0.1360608000
0.1360608000
0.1360608000
0.1360608000
0.1360608000
0.1588531000
0.1588531000
0.1588531000
0.1588531000
0.1588531000
0.1588531000
0.8694386000
0.8694386000
0.8694386000
0.8694386000
0.8694386000
0.8694386000
0.3970942000
0.3970942000
0.3970942000
0.3970942000
0.3970942000
0.3970942000
0.7881783000
0.7881783000
0.7881783000
0.7881783000
0.7881783000
0.7881783000
0.1135710000
0.1135710000
0.1135710000
0.1135710000
0.1135710000
0.1135710000
0.1247432000
0.1247432000
0.1247432000
0.1247432000
0.1247432000
0.1247432000
0.1033762000
0.1033762000
0.1033762000
0.1033762000
0.1033762000
0.1033762000
0.0991908000
0.0991908000
0.0991908000
0.0991908000
0.0991908000
0.0991908000
0.5956142000
0.5956142000
0.5956142000
0.5956142000
0.5956142000
0.5956142000
0.2963224000
0.2963224000
0.2963224000
0.2963224000
0.2963224000
0.2963224000
0.1751746000
0.1751746000
0.1751746000
0.1751746000
0.1751746000
0.1751746000
0.2761054000
0.2761054000
0.2761054000
0.2761054000
0.2761054000
0.2761054000
0.3496353000
0.3496353000
0.3496353000
0.3496353000
0.3496353000
0.3496353000
0.0899554000
0.0899554000
0.0899554000
0.0899554000
0.0899554000
0.0899554000
0.8084704000
0.8084704000
0.8084704000
0.8084704000
0.8084704000
0.8084704000
0.1341046000
0.1341046000
0.1341046000
0.1341046000
0.1341046000
0.1341046000
0.2541596000
0.2541596000
0.2541596000
0.2541596000
0.2541596000
0.2541596000
0.2958031000
0.2958031000
0.2958031000
0.2958031000
0.2958031000
0.2958031000
0.0826217000
0.0826217000
0.0826217000
0.0826217000
0.0826217000
0.0826217000
0.7523506000
0.7523506000
0.7523506000
0.7523506000
0.7523506000
0.7523506000
0.1176647000
0.1176647000
0.1176647000
0.1176647000
0.1176647000
0.1176647000
0.5436510000
0.5436510000
0.5436510000
0.5436510000
0.5436510000
0.5436510000
0.4764666000
0.4764666000
0.4764666000
0.4764666000
0.4764666000
0.4764666000
0.2780493000
0.2780493000
0.2780493000
0.2780493000
0.2780493000
0.2780493000
0.0805617000
0.0805617000
0.0805617000
0.0805617000
0.0805617000
0.0805617000
0.0940140000
0.0940140000
0.0940140000
0.0940140000
0.0940140000
0.0940140000
0.4444039000
0.4444039000
0.4444039000
0.4444039000
0.4444039000
0.4444039000
0.2547768000
0.2547768000
0.2547768000
0.2547768000
0.2547768000
0.2547768000
0.0780532000
0.0780532000
0.0780532000
0.0780532000
0.0780532000
0.0780532000
0.1478336000
0.1478336000
0.1478336000
0.1478336000
0.1478336000
0.1478336000
0.1681599000
0.1681599000
0.1681599000
0.1681599000
0.1681599000
0.1681599000
0.5047382000
0.5047382000
0.5047382000
0.5047382000
0.5047382000
0.5047382000
0.4241284000
0.4241284000
0.4241284000
0.4241284000
0.4241284000
0.4241284000
0.0860169000
0.0860169000
0.0860169000
0.0860169000
0.0860169000
0.0860169000
0.0980571000
0.0980571000
0.0980571000
0.0980571000
0.0980571000
0.0980571000
0.1379997000
0.1379997000
0.1379997000
0.1379997000
0.1379997000
0.1379997000
0.1417965000
0.1417965000
0.1417965000
0.1417965000
0.1417965000
0.1417965000
0.4859919000
0.4859919000
0.4859919000
0.4859919000
0.4859919000
0.4859919000
0.6851993000
0.6851993000
0.6851993000
0.6851993000
0.6851993000
0.6851993000
0.7853428000
0.7853428000
0.7853428000
0.7853428000
0.7853428000
0.7853428000
0.9706456000
0.9706456000
0.9706456000
0.9706456000
0.9706456000
0.9706456000
0.3544797000
0.3544797000
0.3544797000
0.3544797000
0.3544797000
0.3544797000
0.1843158000
0.1843158000
0.1843158000
0.1843158000
0.1843158000
0.1843158000
0.3340512000
0.3340512000
0.3340512000
0.3340512000
0.3340512000
0.3340512000
0.0723991000
0.0723991000
0.0723991000
0.0723991000
0.0723991000
0.0723991000
0.6765914000
0.6765914000
0.6765914000
0.6765914000
0.6765914000
0.6765914000
0.1208311000
0.1208311000
0.1208311000
0.1208311000
0.1208311000
0.1208311000
0.4434615000
0.4434615000
0.4434615000
0.4434615000
0.4434615000
0.4434615000
0.2302298000
0.2302298000
0.2302298000
0.2302298000
0.2302298000
0.2302298000
0.0849677000
0.0849677000
0.0849677000
0.0849677000
0.0849677000
0.0849677000
0.9692715000
0.9692715000
0.9692715000
0.9692715000
0.9692715000
0.9692715000
0.1262381000
0.1262381000
0.1262381000
0.1262381000
0.1262381000
0.1262381000
0.6968478000
0.6968478000
0.6968478000
0.6968478000
0.6968478000
0.6968478000
