0.9315068493
0.9315068493
0.9315068493
0.9315068493
0.9315068493
0.9315068493
0.4931506849
0.4931506849
0.4931506849
0.4931506849
0.4931506849
0.4931506849
0.9589041096
0.9589041096
0.9589041096
0.9589041096
0.9589041096
0.9589041096
0.9931506849
0.9931506849
0.9931506849
0.9931506849
0.9931506849
0.9931506849
3.5890410959
3.5890410959
3.5890410959
3.5890410959
3.5890410959
3.5890410959
1.4041095890
1.4041095890
1.4041095890
1.4041095890
1.4041095890
1.4041095890
0.6438356164
0.6438356164
0.6438356164
0.6438356164
0.6438356164
0.6438356164
1.8219178082
1.8219178082
1.8219178082
1.8219178082
1.8219178082
1.8219178082
1.6506849315
1.6506849315
1.6506849315
1.6506849315
1.6506849315
1.6506849315
2.6986301370
2.6986301370
2.6986301370
2.6986301370
2.6986301370
2.6986301370
0.4041095890
0.4041095890
0.4041095890
0.4041095890
0.4041095890
0.4041095890
0.9863013699
0.9863013699
0.9863013699
0.9863013699
0.9863013699
0.9863013699
0.1780821918
0.1780821918
0.1780821918
0.1780821918
0.1780821918
0.1780821918
2.8424657534
2.8424657534
2.8424657534
2.8424657534
2.8424657534
2.8424657534
3.0000000000
3.0000000000
3.0000000000
3.0000000000
3.0000000000
3.0000000000
0.6095890411
0.6095890411
0.6095890411
0.6095890411
0.6095890411
0.6095890411
0.7808219178
0.7808219178
0.7808219178
0.7808219178
0.7808219178
0.7808219178
1.1438356164
1.1438356164
1.1438356164
1.1438356164
1.1438356164
1.1438356164
1.1643835616
1.1643835616
1.1643835616
1.1643835616
1.1643835616
1.1643835616
1.1301369863
1.1301369863
1.1301369863
1.1301369863
1.1301369863
1.1301369863
2.7876712329
2.7876712329
2.7876712329
2.7876712329
2.7876712329
2.7876712329
0.5479452055
0.5479452055
0.5479452055
0.5479452055
0.5479452055
0.5479452055
1.2534246575
1.2534246575
1.2534246575
1.2534246575
1.2534246575
1.2534246575
0.7054794521
0.7054794521
0.7054794521
0.7054794521
0.7054794521
0.7054794521
0.2054794521
0.2054794521
0.2054794521
0.2054794521
0.2054794521
0.2054794521
1.4589041096
1.4589041096
1.4589041096
1.4589041096
1.4589041096
1.4589041096
2.8904109589
2.8904109589
2.8904109589
2.8904109589
2.8904109589
2.8904109589
1.2465753425
1.2465753425
1.2465753425
1.2465753425
1.2465753425
1.2465753425
2.3561643836
2.3561643836
2.3561643836
2.3561643836
2.3561643836
2.3561643836
1.1301369863
1.1301369863
1.1301369863
1.1301369863
1.1301369863
1.1301369863
0.7808219178
0.7808219178
0.7808219178
0.7808219178
0.7808219178
0.7808219178
0.7054794521
0.7054794521
0.7054794521
0.7054794521
0.7054794521
0.7054794521
3.4383561644
3.4383561644
3.4383561644
3.4383561644
3.4383561644
3.4383561644
0.2534246575
0.2534246575
0.2534246575
0.2534246575
0.2534246575
0.2534246575
1.9109589041
1.9109589041
1.9109589041
1.9109589041
1.9109589041
1.9109589041
0.7876712329
0.7876712329
0.7876712329
0.7876712329
0.7876712329
0.7876712329
1.3972602740
1.3972602740
1.3972602740
1.3972602740
1.3972602740
1.3972602740
1.0684931507
1.0684931507
1.0684931507
1.0684931507
1.0684931507
1.0684931507
1.4109589041
1.4109589041
1.4109589041
1.4109589041
1.4109589041
1.4109589041
3.2534246575
3.2534246575
3.2534246575
3.2534246575
3.2534246575
3.2534246575
2.4452054795
2.4452054795
2.4452054795
2.4452054795
2.4452054795
2.4452054795
0.7123287671
0.7123287671
0.7123287671
0.7123287671
0.7123287671
0.7123287671
0.4726027397
0.4726027397
0.4726027397
0.4726027397
0.4726027397
0.4726027397
0.6917808219
0.6917808219
0.6917808219
0.6917808219
0.6917808219
0.6917808219
0.7808219178
0.7808219178
0.7808219178
0.7808219178
0.7808219178
0.7808219178
1.6027397260
1.6027397260
1.6027397260
1.6027397260
1.6027397260
1.6027397260
0.5410958904
0.5410958904
0.5410958904
0.5410958904
0.5410958904
0.5410958904
2.4931506849
2.4931506849
2.4931506849
2.4931506849
2.4931506849
2.4931506849
4.0479452055
4.0479452055
4.0479452055
4.0479452055
4.0479452055
4.0479452055
0.4452054795
0.4452054795
0.4452054795
0.4452054795
0.4452054795
0.4452054795
1.0205479452
1.0205479452
1.0205479452
1.0205479452
1.0205479452
1.0205479452
0.5136986301
0.5136986301
0.5136986301
0.5136986301
0.5136986301
0.5136986301
1.7465753425
1.7465753425
1.7465753425
1.7465753425
1.7465753425
1.7465753425
1.0410958904
1.0410958904
1.0410958904
1.0410958904
1.0410958904
1.0410958904
0.9657534247
0.9657534247
0.9657534247
0.9657534247
0.9657534247
0.9657534247
2.6780821918
2.6780821918
2.6780821918
2.6780821918
2.6780821918
2.6780821918
0.4246575342
0.4246575342
0.4246575342
0.4246575342
0.4246575342
0.4246575342
0.8082191781
0.8082191781
0.8082191781
0.8082191781
0.8082191781
0.8082191781
0.4109589041
0.4109589041
0.4109589041
0.4109589041
0.4109589041
0.4109589041
0.5136986301
0.5136986301
0.5136986301
0.5136986301
0.5136986301
0.5136986301
1.7397260274
1.7397260274
1.7397260274
1.7397260274
1.7397260274
1.7397260274
1.2397260274
1.2397260274
1.2397260274
1.2397260274
1.2397260274
1.2397260274
0.6780821918
0.6780821918
0.6780821918
0.6780821918
0.6780821918
0.6780821918
1.2328767123
1.2328767123
1.2328767123
1.2328767123
1.2328767123
1.2328767123
2.1301369863
2.1301369863
2.1301369863
2.1301369863
2.1301369863
2.1301369863
3.3767123288
3.3767123288
3.3767123288
3.3767123288
3.3767123288
3.3767123288
0.9589041096
0.9589041096
0.9589041096
0.9589041096
0.9589041096
0.9589041096
1.3561643836
1.3561643836
1.3561643836
1.3561643836
1.3561643836
1.3561643836
0.3698630137
0.3698630137
0.3698630137
0.3698630137
0.3698630137
0.3698630137
2.5479452055
2.5479452055
2.5479452055
2.5479452055
2.5479452055
2.5479452055
0.6986301370
0.6986301370
0.6986301370
0.6986301370
0.6986301370
0.6986301370
3.7465753425
3.7465753425
3.7465753425
3.7465753425
3.7465753425
3.7465753425
1.1232876712
1.1232876712
1.1232876712
1.1232876712
1.1232876712
1.1232876712
0.9041095890
0.9041095890
0.9041095890
0.9041095890
0.9041095890
0.9041095890
0.7945205479
0.7945205479
0.7945205479
0.7945205479
0.7945205479
0.7945205479
2.3424657534
2.3424657534
2.3424657534
2.3424657534
2.3424657534
2.3424657534
1.4109589041
1.4109589041
1.4109589041
1.4109589041
1.4109589041
1.4109589041
1.6027397260
1.6027397260
1.6027397260
1.6027397260
1.6027397260
1.6027397260
0.8972602740
0.8972602740
0.8972602740
0.8972602740
0.8972602740
0.8972602740
2.5000000000
2.5000000000
2.5000000000
2.5000000000
2.5000000000
2.5000000000
1.4178082192
1.4178082192
1.4178082192
1.4178082192
1.4178082192
1.4178082192
0.4109589041
0.4109589041
0.4109589041
0.4109589041
0.4109589041
0.4109589041
3.1301369863
3.1301369863
3.1301369863
3.1301369863
3.1301369863
3.1301369863
0.3767123288
0.3767123288
0.3767123288
0.3767123288
0.3767123288
0.3767123288
2.0821917808
2.0821917808
2.0821917808
2.0821917808
2.0821917808
2.0821917808
1.3219178082
1.3219178082
1.3219178082
1.3219178082
1.3219178082
1.3219178082
1.1232876712
1.1232876712
1.1232876712
1.1232876712
1.1232876712
1.1232876712
0.5273972603
0.5273972603
0.5273972603
0.5273972603
0.5273972603
0.5273972603
0.5958904110
0.5958904110
0.5958904110
0.5958904110
0.5958904110
0.5958904110
0.7876712329
0.7876712329
0.7876712329
0.7876712329
0.7876712329
0.7876712329
0.6917808219
0.6917808219
0.6917808219
0.6917808219
0.6917808219
0.6917808219
2.8013698630
2.8013698630
2.8013698630
2.8013698630
2.8013698630
2.8013698630
0.7534246575
0.7534246575
0.7534246575
0.7534246575
0.7534246575
0.7534246575
0.8972602740
0.8972602740
0.8972602740
0.8972602740
0.8972602740
0.8972602740
0.3698630137
0.3698630137
0.3698630137
0.3698630137
0.3698630137
0.3698630137
0.5068493151
0.5068493151
0.5068493151
0.5068493151
0.5068493151
0.5068493151
0.9452054795
0.9452054795
0.9452054795
0.9452054795
0.9452054795
0.9452054795
1.3356164384
1.3356164384
1.3356164384
1.3356164384
1.3356164384
1.3356164384
1.7123287671
1.7123287671
1.7123287671
1.7123287671
1.7123287671
1.7123287671
2.0068493151
2.0068493151
2.0068493151
2.0068493151
2.0068493151
2.0068493151
