0.3277424000
0.3277424000
0.3277424000
0.3277424000
0.3277424000
0.3277424000
0.5019106000
0.5019106000
0.5019106000
0.5019106000
0.5019106000
0.5019106000
0.3746436000
0.3746436000
0.3746436000
0.3746436000
0.3746436000
0.3746436000
0.2702967000
0.2702967000
0.2702967000
0.2702967000
0.2702967000
0.2702967000
1.0311676000
1.0311676000
1.0311676000
1.0311676000
1.0311676000
1.0311676000
0.4516044000
0.4516044000
0.4516044000
0.4516044000
0.4516044000
0.4516044000
0.2527619000
0.2527619000
0.2527619000
0.2527619000
0.2527619000
0.2527619000
0.3515191000
0.3515191000
0.3515191000
0.3515191000
0.3515191000
0.3515191000
0.4626506000
0.4626506000
0.4626506000
0.4626506000
0.4626506000
0.4626506000
0.5773886000
0.5773886000
0.5773886000
0.5773886000
0.5773886000
0.5773886000
0.2147880000
0.2147880000
0.2147880000
0.2147880000
0.2147880000
0.2147880000
0.1954697000
0.1954697000
0.1954697000
0.1954697000
0.1954697000
0.1954697000
0.1537995000
0.1537995000
0.1537995000
0.1537995000
0.1537995000
0.1537995000
0.6468839000
0.6468839000
0.6468839000
0.6468839000
0.6468839000
0.6468839000
0.8686587000
0.8686587000
0.8686587000
0.8686587000
0.8686587000
0.8686587000
0.2101833000
0.2101833000
0.2101833000
0.2101833000
0.2101833000
0.2101833000
0.2788746000
0.2788746000
0.2788746000
0.2788746000
0.2788746000
0.2788746000
0.2729126000
0.2729126000
0.2729126000
0.2729126000
0.2729126000
0.2729126000
0.3341817000
0.3341817000
0.3341817000
0.3341817000
0.3341817000
0.3341817000
0.4678243000
0.4678243000
0.4678243000
0.4678243000
0.4678243000
0.4678243000
0.6239135000
0.6239135000
0.6239135000
0.6239135000
0.6239135000
0.6239135000
0.1682834000
0.1682834000
0.1682834000
0.1682834000
0.1682834000
0.1682834000
0.3201017000
0.3201017000
0.3201017000
0.3201017000
0.3201017000
0.3201017000
0.2559204000
0.2559204000
0.2559204000
0.2559204000
0.2559204000
0.2559204000
0.1063539000
0.1063539000
0.1063539000
0.1063539000
0.1063539000
0.1063539000
0.2669743000
0.2669743000
0.2669743000
0.2669743000
0.2669743000
0.2669743000
0.5468422000
0.5468422000
0.5468422000
0.5468422000
0.5468422000
0.5468422000
0.3280898000
0.3280898000
0.3280898000
0.3280898000
0.3280898000
0.3280898000
0.4980971000
0.4980971000
0.4980971000
0.4980971000
0.4980971000
0.4980971000
0.5316173000
0.5316173000
0.5316173000
0.5316173000
0.5316173000
0.5316173000
0.2336760000
0.2336760000
0.2336760000
0.2336760000
0.2336760000
0.2336760000
0.3649397000
0.3649397000
0.3649397000
0.3649397000
0.3649397000
0.3649397000
0.6472955000
0.6472955000
0.6472955000
0.6472955000
0.6472955000
0.6472955000
0.1936543000
0.1936543000
0.1936543000
0.1936543000
0.1936543000
0.1936543000
0.5935235000
0.5935235000
0.5935235000
0.5935235000
0.5935235000
0.5935235000
0.2846905000
0.2846905000
0.2846905000
0.2846905000
0.2846905000
0.2846905000
0.3864145000
0.3864145000
0.3864145000
0.3864145000
0.3864145000
0.3864145000
0.4800923000
0.4800923000
0.4800923000
0.4800923000
0.4800923000
0.4800923000
0.5441375000
0.5441375000
0.5441375000
0.5441375000
0.5441375000
0.5441375000
0.6412364000
0.6412364000
0.6412364000
0.6412364000
0.6412364000
0.6412364000
0.5377633000
0.5377633000
0.5377633000
0.5377633000
0.5377633000
0.5377633000
0.3234279000
0.3234279000
0.3234279000
0.3234279000
0.3234279000
0.3234279000
0.3391200000
0.3391200000
0.3391200000
0.3391200000
0.3391200000
0.3391200000
0.4220536000
0.4220536000
0.4220536000
0.4220536000
0.4220536000
0.4220536000
0.4262515000
0.4262515000
0.4262515000
0.4262515000
0.4262515000
0.4262515000
0.8029815000
0.8029815000
0.8029815000
0.8029815000
0.8029815000
0.8029815000
0.2519514000
0.2519514000
0.2519514000
0.2519514000
0.2519514000
0.2519514000
0.7247013000
0.7247013000
0.7247013000
0.7247013000
0.7247013000
0.7247013000
0.8498949000
0.8498949000
0.8498949000
0.8498949000
0.8498949000
0.8498949000
0.1805288000
0.1805288000
0.1805288000
0.1805288000
0.1805288000
0.1805288000
0.3932792000
0.3932792000
0.3932792000
0.3932792000
0.3932792000
0.3932792000
0.2361282000
0.2361282000
0.2361282000
0.2361282000
0.2361282000
0.2361282000
0.3007776000
0.3007776000
0.3007776000
0.3007776000
0.3007776000
0.3007776000
0.5170483000
0.5170483000
0.5170483000
0.5170483000
0.5170483000
0.5170483000
0.4900687000
0.4900687000
0.4900687000
0.4900687000
0.4900687000
0.4900687000
0.6451048000
0.6451048000
0.6451048000
0.6451048000
0.6451048000
0.6451048000
0.2635881000
0.2635881000
0.2635881000
0.2635881000
0.2635881000
0.2635881000
0.1709328000
0.1709328000
0.1709328000
0.1709328000
0.1709328000
0.1709328000
0.3326281000
0.3326281000
0.3326281000
0.3326281000
0.3326281000
0.3326281000
0.2774697000
0.2774697000
0.2774697000
0.2774697000
0.2774697000
0.2774697000
0.6463704000
0.6463704000
0.6463704000
0.6463704000
0.6463704000
0.6463704000
0.4463145000
0.4463145000
0.4463145000
0.4463145000
0.4463145000
0.4463145000
0.3264847000
0.3264847000
0.3264847000
0.3264847000
0.3264847000
0.3264847000
0.5068550000
0.5068550000
0.5068550000
0.5068550000
0.5068550000
0.5068550000
0.6020929000
0.6020929000
0.6020929000
0.6020929000
0.6020929000
0.6020929000
0.8342237000
0.8342237000
0.8342237000
0.8342237000
0.8342237000
0.8342237000
0.2662669000
0.2662669000
0.2662669000
0.2662669000
0.2662669000
0.2662669000
0.4251405000
0.4251405000
0.4251405000
0.4251405000
0.4251405000
0.4251405000
0.1935487000
0.1935487000
0.1935487000
0.1935487000
0.1935487000
0.1935487000
0.4153739000
0.4153739000
0.4153739000
0.4153739000
0.4153739000
0.4153739000
0.2307946000
0.2307946000
0.2307946000
0.2307946000
0.2307946000
0.2307946000
0.7215417000
0.7215417000
0.7215417000
0.7215417000
0.7215417000
0.7215417000
0.5429848000
0.5429848000
0.5429848000
0.5429848000
0.5429848000
0.5429848000
0.4968890000
0.4968890000
0.4968890000
0.4968890000
0.4968890000
0.4968890000
0.3208940000
0.3208940000
0.3208940000
0.3208940000
0.3208940000
0.3208940000
0.5082667000
0.5082667000
0.5082667000
0.5082667000
0.5082667000
0.5082667000
0.3662843000
0.3662843000
0.3662843000
0.3662843000
0.3662843000
0.3662843000
0.3180708000
0.3180708000
0.3180708000
0.3180708000
0.3180708000
0.3180708000
0.4564471000
0.4564471000
0.4564471000
0.4564471000
0.4564471000
0.4564471000
0.7638041000
0.7638041000
0.7638041000
0.7638041000
0.7638041000
0.7638041000
0.5441390000
0.5441390000
0.5441390000
0.5441390000
0.5441390000
0.5441390000
0.2057126000
0.2057126000
0.2057126000
0.2057126000
0.2057126000
0.2057126000
0.8020769000
0.8020769000
0.8020769000
0.8020769000
0.8020769000
0.8020769000
0.1394073000
0.1394073000
0.1394073000
0.1394073000
0.1394073000
0.1394073000
0.4461553000
0.4461553000
0.4461553000
0.4461553000
0.4461553000
0.4461553000
0.3470894000
0.3470894000
0.3470894000
0.3470894000
0.3470894000
0.3470894000
0.7115982000
0.7115982000
0.7115982000
0.7115982000
0.7115982000
0.7115982000
0.3473210000
0.3473210000
0.3473210000
0.3473210000
0.3473210000
0.3473210000
0.3373227000
0.3373227000
0.3373227000
0.3373227000
0.3373227000
0.3373227000
0.5311566000
0.5311566000
0.5311566000
0.5311566000
0.5311566000
0.5311566000
0.5950640000
0.5950640000
0.5950640000
0.5950640000
0.5950640000
0.5950640000
0.7787971000
0.7787971000
0.7787971000
0.7787971000
0.7787971000
0.7787971000
0.5370347000
0.5370347000
0.5370347000
0.5370347000
0.5370347000
0.5370347000
0.4280312000
0.4280312000
0.4280312000
0.4280312000
0.4280312000
0.4280312000
0.2270788000
0.2270788000
0.2270788000
0.2270788000
0.2270788000
0.2270788000
0.4403865000
0.4403865000
0.4403865000
0.4403865000
0.4403865000
0.4403865000
0.4769636000
0.4769636000
0.4769636000
0.4769636000
0.4769636000
0.4769636000
0.5285216000
0.5285216000
0.5285216000
0.5285216000
0.5285216000
0.5285216000
0.7671678000
0.7671678000
0.7671678000
0.7671678000
0.7671678000
0.7671678000
0.6057366000
0.6057366000
0.6057366000
0.6057366000
0.6057366000
0.6057366000