1.2652915000
1.2652915000
1.2652915000
1.2652915000
1.2652915000
1.2652915000
1.3384424000
1.3384424000
1.3384424000
1.3384424000
1.3384424000
1.3384424000
1.7107704000
1.7107704000
1.7107704000
1.7107704000
1.7107704000
1.7107704000
2.1228809000
2.1228809000
2.1228809000
2.1228809000
2.1228809000
2.1228809000
0.1694798000
0.1694798000
0.1694798000
0.1694798000
0.1694798000
0.1694798000
0.5864343000
0.5864343000
0.5864343000
0.5864343000
0.5864343000
0.5864343000
0.1253641000
0.1253641000
0.1253641000
0.1253641000
0.1253641000
0.1253641000
0.0585852000
0.0585852000
0.0585852000
0.0585852000
0.0585852000
0.0585852000
0.1735535000
0.1735535000
0.1735535000
0.1735535000
0.1735535000
0.1735535000
2.2164121000
2.2164121000
2.2164121000
2.2164121000
2.2164121000
2.2164121000
1.6314230000
1.6314230000
1.6314230000
1.6314230000
1.6314230000
1.6314230000
1.0466721000
1.0466721000
1.0466721000
1.0466721000
1.0466721000
1.0466721000
1.0489276000
1.0489276000
1.0489276000
1.0489276000
1.0489276000
1.0489276000
3.0471020000
3.0471020000
3.0471020000
3.0471020000
3.0471020000
3.0471020000
1.4727801000
1.4727801000
1.4727801000
1.4727801000
1.4727801000
1.4727801000
0.0785969000
0.0785969000
0.0785969000
0.0785969000
0.0785969000
0.0785969000
1.1893561000
1.1893561000
1.1893561000
1.1893561000
1.1893561000
1.1893561000
1.0849658000
1.0849658000
1.0849658000
1.0849658000
1.0849658000
1.0849658000
1.4850908000
1.4850908000
1.4850908000
1.4850908000
1.4850908000
1.4850908000
0.1427235000
0.1427235000
0.1427235000
0.1427235000
0.1427235000
0.1427235000
2.6525696000
2.6525696000
2.6525696000
2.6525696000
2.6525696000
2.6525696000
0.4662092000
0.4662092000
0.4662092000
0.4662092000
0.4662092000
0.4662092000
1.0789819000
1.0789819000
1.0789819000
1.0789819000
1.0789819000
1.0789819000
0.1755640000
0.1755640000
0.1755640000
0.1755640000
0.1755640000
0.1755640000
1.3849740000
1.3849740000
1.3849740000
1.3849740000
1.3849740000
1.3849740000
1.7302216000
1.7302216000
1.7302216000
1.7302216000
1.7302216000
1.7302216000
1.4381948000
1.4381948000
1.4381948000
1.4381948000
1.4381948000
1.4381948000
0.0884806000
0.0884806000
0.0884806000
0.0884806000
0.0884806000
0.0884806000
0.7717383000
0.7717383000
0.7717383000
0.7717383000
0.7717383000
0.7717383000
0.9885950000
0.9885950000
0.9885950000
0.9885950000
0.9885950000
0.9885950000
4.0009881000
4.0009881000
4.0009881000
4.0009881000
4.0009881000
4.0009881000
0.9003767000
0.9003767000
0.9003767000
0.9003767000
0.9003767000
0.9003767000
3.1204757000
3.1204757000
3.1204757000
3.1204757000
3.1204757000
3.1204757000
2.2373010000
2.2373010000
2.2373010000
2.2373010000
2.2373010000
2.2373010000
0.4061642000
0.4061642000
0.4061642000
0.4061642000
0.4061642000
0.4061642000
0.2320698000
0.2320698000
0.2320698000
0.2320698000
0.2320698000
0.2320698000
0.0804681000
0.0804681000
0.0804681000
0.0804681000
0.0804681000
0.0804681000
1.9291710000
1.9291710000
1.9291710000
1.9291710000
1.9291710000
1.9291710000
1.4000724000
1.4000724000
1.4000724000
1.4000724000
1.4000724000
1.4000724000
0.3177022000
0.3177022000
0.3177022000
0.3177022000
0.3177022000
0.3177022000
0.5453757000
0.5453757000
0.5453757000
0.5453757000
0.5453757000
0.5453757000
0.3013384000
0.3013384000
0.3013384000
0.3013384000
0.3013384000
0.3013384000
2.8936071000
2.8936071000
2.8936071000
2.8936071000
2.8936071000
2.8936071000
1.2006802000
1.2006802000
1.2006802000
1.2006802000
1.2006802000
1.2006802000
0.0748827000
0.0748827000
0.0748827000
0.0748827000
0.0748827000
0.0748827000
1.5147493000
1.5147493000
1.5147493000
1.5147493000
1.5147493000
1.5147493000
0.2227248000
0.2227248000
0.2227248000
0.2227248000
0.2227248000
0.2227248000
0.1401200000
0.1401200000
0.1401200000
0.1401200000
0.1401200000
0.1401200000
0.1472370000
0.1472370000
0.1472370000
0.1472370000
0.1472370000
0.1472370000
1.6682818000
1.6682818000
1.6682818000
1.6682818000
1.6682818000
1.6682818000
1.6936478000
1.6936478000
1.6936478000
1.6936478000
1.6936478000
1.6936478000
2.4174897000
2.4174897000
2.4174897000
2.4174897000
2.4174897000
2.4174897000
1.3510047000
1.3510047000
1.3510047000
1.3510047000
1.3510047000
1.3510047000
1.9655455000
1.9655455000
1.9655455000
1.9655455000
1.9655455000
1.9655455000
0.2514090000
0.2514090000
0.2514090000
0.2514090000
0.2514090000
0.2514090000
1.7440662000
1.7440662000
1.7440662000
1.7440662000
1.7440662000
1.7440662000
1.0004372000
1.0004372000
1.0004372000
1.0004372000
1.0004372000
1.0004372000
0.3872681000
0.3872681000
0.3872681000
0.3872681000
0.3872681000
0.3872681000
0.0621104000
0.0621104000
0.0621104000
0.0621104000
0.0621104000
0.0621104000
1.8908668000
1.8908668000
1.8908668000
1.8908668000
1.8908668000
1.8908668000
1.1092626000
1.1092626000
1.1092626000
1.1092626000
1.1092626000
1.1092626000
0.3040087000
0.3040087000
0.3040087000
0.3040087000
0.3040087000
0.3040087000
1.3932920000
1.3932920000
1.3932920000
1.3932920000
1.3932920000
1.3932920000
1.9628533000
1.9628533000
1.9628533000
1.9628533000
1.9628533000
1.9628533000
0.3160445000
0.3160445000
0.3160445000
0.3160445000
0.3160445000
0.3160445000
0.1203630000
0.1203630000
0.1203630000
0.1203630000
0.1203630000
0.1203630000
1.2620471000
1.2620471000
1.2620471000
1.2620471000
1.2620471000
1.2620471000
0.0648066000
0.0648066000
0.0648066000
0.0648066000
0.0648066000
0.0648066000
1.5358787000
1.5358787000
1.5358787000
1.5358787000
1.5358787000
1.5358787000
0.3602065000
0.3602065000
0.3602065000
0.3602065000
0.3602065000
0.3602065000
1.1294456000
1.1294456000
1.1294456000
1.1294456000
1.1294456000
1.1294456000
1.5519919000
1.5519919000
1.5519919000
1.5519919000
1.5519919000
1.5519919000
1.4658213000
1.4658213000
1.4658213000
1.4658213000
1.4658213000
1.4658213000
4.1577574000
4.1577574000
4.1577574000
4.1577574000
4.1577574000
4.1577574000
0.2467820000
0.2467820000
0.2467820000
0.2467820000
0.2467820000
0.2467820000
0.5986910000
0.5986910000
0.5986910000
0.5986910000
0.5986910000
0.5986910000
2.7371529000
2.7371529000
2.7371529000
2.7371529000
2.7371529000
2.7371529000
1.4750113000
1.4750113000
1.4750113000
1.4750113000
1.4750113000
1.4750113000
0.1060404000
0.1060404000
0.1060404000
0.1060404000
0.1060404000
0.1060404000
0.4156024000
0.4156024000
0.4156024000
0.4156024000
0.4156024000
0.4156024000
2.6789453000
2.6789453000
2.6789453000
2.6789453000
2.6789453000
2.6789453000
2.8353639000
2.8353639000
2.8353639000
2.8353639000
2.8353639000
2.8353639000
0.3258034000
0.3258034000
0.3258034000
0.3258034000
0.3258034000
0.3258034000
0.4235167000
0.4235167000
0.4235167000
0.4235167000
0.4235167000
0.4235167000
0.7634261000
0.7634261000
0.7634261000
0.7634261000
0.7634261000
0.7634261000
2.7895022000
2.7895022000
2.7895022000
2.7895022000
2.7895022000
2.7895022000
2.2825152000
2.2825152000
2.2825152000
2.2825152000
2.2825152000
2.2825152000
2.8709436000
2.8709436000
2.8709436000
2.8709436000
2.8709436000
2.8709436000
0.9940724000
0.9940724000
0.9940724000
0.9940724000
0.9940724000
0.9940724000
0.8930728000
0.8930728000
0.8930728000
0.8930728000
0.8930728000
0.8930728000
0.4661548000
0.4661548000
0.4661548000
0.4661548000
0.4661548000
0.4661548000
0.7332113000
0.7332113000
0.7332113000
0.7332113000
0.7332113000
0.7332113000
0.2742861000
0.2742861000
0.2742861000
0.2742861000
0.2742861000
0.2742861000
0.4156649000
0.4156649000
0.4156649000
0.4156649000
0.4156649000
0.4156649000
2.4832245000
2.4832245000
2.4832245000
2.4832245000
2.4832245000
2.4832245000
1.1743479000
1.1743479000
1.1743479000
1.1743479000
1.1743479000
1.1743479000
2.3247226000
2.3247226000
2.3247226000
2.3247226000
2.3247226000
2.3247226000
1.1149516000
1.1149516000
1.1149516000
1.1149516000
1.1149516000
1.1149516000
1.5867729000
1.5867729000
1.5867729000
1.5867729000
1.5867729000
1.5867729000
1.8892690000
1.8892690000
1.8892690000
1.8892690000
1.8892690000
1.8892690000
