0.1867379000
0.1867379000
0.1867379000
0.1867379000
0.1867379000
0.1867379000
0.9390389000
0.9390389000
0.9390389000
0.9390389000
0.9390389000
0.9390389000
1.3096474000
1.3096474000
1.3096474000
1.3096474000
1.3096474000
1.3096474000
0.1617353000
0.1617353000
0.1617353000
0.1617353000
0.1617353000
0.1617353000
0.6929875000
0.6929875000
0.6929875000
0.6929875000
0.6929875000
0.6929875000
1.1816876000
1.1816876000
1.1816876000
1.1816876000
1.1816876000
1.1816876000
1.4055946000
1.4055946000
1.4055946000
1.4055946000
1.4055946000
1.4055946000
1.7420916000
1.7420916000
1.7420916000
1.7420916000
1.7420916000
1.7420916000
0.2501292000
0.2501292000
0.2501292000
0.2501292000
0.2501292000
0.2501292000
1.1539273000
1.1539273000
1.1539273000
1.1539273000
1.1539273000
1.1539273000
0.3279797000
0.3279797000
0.3279797000
0.3279797000
0.3279797000
0.3279797000
0.9998061000
0.9998061000
0.9998061000
0.9998061000
0.9998061000
0.9998061000
0.5143432000
0.5143432000
0.5143432000
0.5143432000
0.5143432000
0.5143432000
0.6293078000
0.6293078000
0.6293078000
0.6293078000
0.6293078000
0.6293078000
2.0148457000
2.0148457000
2.0148457000
2.0148457000
2.0148457000
2.0148457000
2.3140741000
2.3140741000
2.3140741000
2.3140741000
2.3140741000
2.3140741000
0.3007970000
0.3007970000
0.3007970000
0.3007970000
0.3007970000
0.3007970000
2.0882383000
2.0882383000
2.0882383000
2.0882383000
2.0882383000
2.0882383000
0.3730425000
0.3730425000
0.3730425000
0.3730425000
0.3730425000
0.3730425000
0.4095112000
0.4095112000
0.4095112000
0.4095112000
0.4095112000
0.4095112000
0.2107515000
0.2107515000
0.2107515000
0.2107515000
0.2107515000
0.2107515000
0.5385970000
0.5385970000
0.5385970000
0.5385970000
0.5385970000
0.5385970000
0.5080853000
0.5080853000
0.5080853000
0.5080853000
0.5080853000
0.5080853000
1.9545225000
1.9545225000
1.9545225000
1.9545225000
1.9545225000
1.9545225000
0.8766163000
0.8766163000
0.8766163000
0.8766163000
0.8766163000
0.8766163000
0.5188336000
0.5188336000
0.5188336000
0.5188336000
0.5188336000
0.5188336000
1.7730290000
1.7730290000
1.7730290000
1.7730290000
1.7730290000
1.7730290000
0.3387930000
0.3387930000
0.3387930000
0.3387930000
0.3387930000
0.3387930000
2.0285718000
2.0285718000
2.0285718000
2.0285718000
2.0285718000
2.0285718000
0.3486010000
0.3486010000
0.3486010000
0.3486010000
0.3486010000
0.3486010000
0.4581090000
0.4581090000
0.4581090000
0.4581090000
0.4581090000
0.4581090000
0.7457196000
0.7457196000
0.7457196000
0.7457196000
0.7457196000
0.7457196000
0.3432922000
0.3432922000
0.3432922000
0.3432922000
0.3432922000
0.3432922000
0.2926935000
0.2926935000
0.2926935000
0.2926935000
0.2926935000
0.2926935000
0.2660300000
0.2660300000
0.2660300000
0.2660300000
0.2660300000
0.2660300000
0.4173788000
0.4173788000
0.4173788000
0.4173788000
0.4173788000
0.4173788000
0.2250445000
0.2250445000
0.2250445000
0.2250445000
0.2250445000
0.2250445000
1.3584231000
1.3584231000
1.3584231000
1.3584231000
1.3584231000
1.3584231000
0.8193861000
0.8193861000
0.8193861000
0.8193861000
0.8193861000
0.8193861000
0.1925866000
0.1925866000
0.1925866000
0.1925866000
0.1925866000
0.1925866000
0.7302772000
0.7302772000
0.7302772000
0.7302772000
0.7302772000
0.7302772000
0.4592919000
0.4592919000
0.4592919000
0.4592919000
0.4592919000
0.4592919000
0.6621058000
0.6621058000
0.6621058000
0.6621058000
0.6621058000
0.6621058000
0.8234408000
0.8234408000
0.8234408000
0.8234408000
0.8234408000
0.8234408000
1.0823132000
1.0823132000
1.0823132000
1.0823132000
1.0823132000
1.0823132000
0.2868555000
0.2868555000
0.2868555000
0.2868555000
0.2868555000
0.2868555000
1.9041278000
1.9041278000
1.9041278000
1.9041278000
1.9041278000
1.9041278000
0.3847215000
0.3847215000
0.3847215000
0.3847215000
0.3847215000
0.3847215000
1.2353422000
1.2353422000
1.2353422000
1.2353422000
1.2353422000
1.2353422000
0.6312375000
0.6312375000
0.6312375000
0.6312375000
0.6312375000
0.6312375000
0.7717163000
0.7717163000
0.7717163000
0.7717163000
0.7717163000
0.7717163000
0.2030003000
0.2030003000
0.2030003000
0.2030003000
0.2030003000
0.2030003000
0.5072620000
0.5072620000
0.5072620000
0.5072620000
0.5072620000
0.5072620000
1.5615287000
1.5615287000
1.5615287000
1.5615287000
1.5615287000
1.5615287000
1.0204244000
1.0204244000
1.0204244000
1.0204244000
1.0204244000
1.0204244000
0.3153020000
0.3153020000
0.3153020000
0.3153020000
0.3153020000
0.3153020000
1.1528664000
1.1528664000
1.1528664000
1.1528664000
1.1528664000
1.1528664000
1.0542934000
1.0542934000
1.0542934000
1.0542934000
1.0542934000
1.0542934000
0.7262466000
0.7262466000
0.7262466000
0.7262466000
0.7262466000
0.7262466000
0.6874362000
0.6874362000
0.6874362000
0.6874362000
0.6874362000
0.6874362000
0.2007884000
0.2007884000
0.2007884000
0.2007884000
0.2007884000
0.2007884000
0.2686960000
0.2686960000
0.2686960000
0.2686960000
0.2686960000
0.2686960000
1.0795210000
1.0795210000
1.0795210000
1.0795210000
1.0795210000
1.0795210000
0.7152793000
0.7152793000
0.7152793000
0.7152793000
0.7152793000
0.7152793000
0.8400885000
0.8400885000
0.8400885000
0.8400885000
0.8400885000
0.8400885000
0.3214799000
0.3214799000
0.3214799000
0.3214799000
0.3214799000
0.3214799000
0.2368337000
0.2368337000
0.2368337000
0.2368337000
0.2368337000
0.2368337000
0.4211811000
0.4211811000
0.4211811000
0.4211811000
0.4211811000
0.4211811000
0.4478439000
0.4478439000
0.4478439000
0.4478439000
0.4478439000
0.4478439000
1.0883220000
1.0883220000
1.0883220000
1.0883220000
1.0883220000
1.0883220000
0.4857090000
0.4857090000
0.4857090000
0.4857090000
0.4857090000
0.4857090000
0.9097010000
0.9097010000
0.9097010000
0.9097010000
0.9097010000
0.9097010000
0.2109400000
0.2109400000
0.2109400000
0.2109400000
0.2109400000
0.2109400000
0.2503749000
0.2503749000
0.2503749000
0.2503749000
0.2503749000
0.2503749000
2.1369709000
2.1369709000
2.1369709000
2.1369709000
2.1369709000
2.1369709000
0.2632602000
0.2632602000
0.2632602000
0.2632602000
0.2632602000
0.2632602000
0.2782339000
0.2782339000
0.2782339000
0.2782339000
0.2782339000
0.2782339000
0.3797530000
0.3797530000
0.3797530000
0.3797530000
0.3797530000
0.3797530000
0.3607623000
0.3607623000
0.3607623000
0.3607623000
0.3607623000
0.3607623000
1.0117313000
1.0117313000
1.0117313000
1.0117313000
1.0117313000
1.0117313000
1.3882577000
1.3882577000
1.3882577000
1.3882577000
1.3882577000
1.3882577000
1.6136312000
1.6136312000
1.6136312000
1.6136312000
1.6136312000
1.6136312000
0.7289784000
0.7289784000
0.7289784000
0.7289784000
0.7289784000
0.7289784000
1.9809494000
1.9809494000
1.9809494000
1.9809494000
1.9809494000
1.9809494000
0.8601554000
0.8601554000
0.8601554000
0.8601554000
0.8601554000
0.8601554000
0.4956967000
0.4956967000
0.4956967000
0.4956967000
0.4956967000
0.4956967000
0.8191087000
0.8191087000
0.8191087000
0.8191087000
0.8191087000
0.8191087000
0.3856340000
0.3856340000
0.3856340000
0.3856340000
0.3856340000
0.3856340000
0.2531950000
0.2531950000
0.2531950000
0.2531950000
0.2531950000
0.2531950000
1.3747910000
1.3747910000
1.3747910000
1.3747910000
1.3747910000
1.3747910000
0.1936757000
0.1936757000
0.1936757000
0.1936757000
0.1936757000
0.1936757000
1.0362452000
1.0362452000
1.0362452000
1.0362452000
1.0362452000
1.0362452000
0.3324377000
0.3324377000
0.3324377000
0.3324377000
0.3324377000
0.3324377000
1.0328460000
1.0328460000
1.0328460000
1.0328460000
1.0328460000
1.0328460000
0.6160589000
0.6160589000
0.6160589000
0.6160589000
0.6160589000
0.6160589000
2.0911536000
2.0911536000
2.0911536000
2.0911536000
2.0911536000
2.0911536000
0.2135315000
0.2135315000
0.2135315000
0.2135315000
0.2135315000
0.2135315000
1.9615783000
1.9615783000
1.9615783000
1.9615783000
1.9615783000
1.9615783000
0.3514437000
0.3514437000
0.3514437000
0.3514437000
0.3514437000
0.3514437000
1.5381119000
1.5381119000
1.5381119000
1.5381119000
1.5381119000
1.5381119000
1.5499135000
1.5499135000
1.5499135000
1.5499135000
1.5499135000
1.5499135000
2.1542960000
2.1542960000
2.1542960000
2.1542960000
2.1542960000
2.1542960000
2.8187012000
2.8187012000
2.8187012000
2.8187012000
2.8187012000
2.8187012000
0.5818668000
0.5818668000
0.5818668000
0.5818668000
0.5818668000
0.5818668000
0.2629595000
0.2629595000
0.2629595000
0.2629595000
0.2629595000
0.2629595000
0.5825841001
0.5825841001
0.5825841001
0.5825841001
0.5825841001
0.5825841001
2.7994044001
2.7994044001
2.7994044001
2.7994044001
2.7994044001
2.7994044001
1.3940538999
1.3940538999
1.3940538999
1.3940538999
1.3940538999
1.3940538999
0.5860498000
0.5860498000
0.5860498000
0.5860498000
0.5860498000
0.5860498000
1.2389106000
1.2389106000
1.2389106000
1.2389106000
1.2389106000
1.2389106000
0.6001066000
0.6001066000
0.6001066000
0.6001066000
0.6001066000
0.6001066000
0.9856061001
0.9856061001
0.9856061001
0.9856061001
0.9856061001
0.9856061001
2.1821075000
2.1821075000
2.1821075000
2.1821075000
2.1821075000
2.1821075000
0.8196544000
0.8196544000
0.8196544000
0.8196544000
0.8196544000
0.8196544000
2.2982748999
2.2982748999
2.2982748999
2.2982748999
2.2982748999
2.2982748999
0.2357774001
0.2357774001
0.2357774001
0.2357774001
0.2357774001
0.2357774001
0.6109901000
0.6109901000
0.6109901000
0.6109901000
0.6109901000
0.6109901000
2.0799236000
2.0799236000
2.0799236000
2.0799236000
2.0799236000
2.0799236000
0.5538175000
0.5538175000
0.5538175000
0.5538175000
0.5538175000
0.5538175000
0.3002710000
0.3002710000
0.3002710000
0.3002710000
0.3002710000
0.3002710000
0.8585148000
0.8585148000
0.8585148000
0.8585148000
0.8585148000
0.8585148000
1.2081922001
1.2081922001
1.2081922001
1.2081922001
1.2081922001
1.2081922001
0.1626142000
0.1626142000
0.1626142000
0.1626142000
0.1626142000
0.1626142000
0.6943155000
0.6943155000
0.6943155000
0.6943155000
0.6943155000
0.6943155000
1.0880263000
1.0880263000
1.0880263000
1.0880263000
1.0880263000
1.0880263000
1.9473563000
1.9473563000
1.9473563000
1.9473563000
1.9473563000
1.9473563000
2.2828591000
2.2828591000
2.2828591000
2.2828591000
2.2828591000
2.2828591000
1.7240481001
1.7240481001
1.7240481001
1.7240481001
1.7240481001
1.7240481001
1.7574194999
1.7574194999
1.7574194999
1.7574194999
1.7574194999
1.7574194999
0.9532887000
0.9532887000
0.9532887000
0.9532887000
0.9532887000
0.9532887000
2.2533855001
2.2533855001
2.2533855001
2.2533855001
2.2533855001
2.2533855001
2.2709705000
2.2709705000
2.2709705000
2.2709705000
2.2709705000
2.2709705000
2.2337166000
2.2337166000
2.2337166000
2.2337166000
2.2337166000
2.2337166000
0.4386438000
0.4386438000
0.4386438000
0.4386438000
0.4386438000
0.4386438000
2.0065813001
2.0065813001
2.0065813001
2.0065813001
2.0065813001
2.0065813001
0.6640289001
0.6640289001
0.6640289001
0.6640289001
0.6640289001
0.6640289001
0.7091400999
0.7091400999
0.7091400999
0.7091400999
0.7091400999
0.7091400999
1.3927139000
1.3927139000
1.3927139000
1.3927139000
1.3927139000
1.3927139000
0.6167095001
0.6167095001
0.6167095001
0.6167095001
0.6167095001
0.6167095001
0.2434373000
0.2434373000
0.2434373000
0.2434373000
0.2434373000
0.2434373000
0.3237712999
0.3237712999
0.3237712999
0.3237712999
0.3237712999
0.3237712999
1.0520571000
1.0520571000
1.0520571000
1.0520571000
1.0520571000
1.0520571000
2.2606734000
2.2606734000
2.2606734000
2.2606734000
2.2606734000
2.2606734000
0.5711329001
0.5711329001
0.5711329001
0.5711329001
0.5711329001
0.5711329001
0.6927623000
0.6927623000
0.6927623000
0.6927623000
0.6927623000
0.6927623000
0.5066870000
0.5066870000
0.5066870000
0.5066870000
0.5066870000
0.5066870000
1.5568797999
1.5568797999
1.5568797999
1.5568797999
1.5568797999
1.5568797999
1.2388254999
1.2388254999
1.2388254999
1.2388254999
1.2388254999
1.2388254999
0.4667129000
0.4667129000
0.4667129000
0.4667129000
0.4667129000
0.4667129000
0.2997282001
0.2997282001
0.2997282001
0.2997282001
0.2997282001
0.2997282001
0.4100944001
0.4100944001
0.4100944001
0.4100944001
0.4100944001
0.4100944001
0.2682224000
0.2682224000
0.2682224000
0.2682224000
0.2682224000
0.2682224000
0.3877954000
0.3877954000
0.3877954000
0.3877954000
0.3877954000
0.3877954000
0.8804445000
0.8804445000
0.8804445000
0.8804445000
0.8804445000
0.8804445000
0.9694505000
0.9694505000
0.9694505000
0.9694505000
0.9694505000
0.9694505000
1.0100342000
1.0100342000
1.0100342000
1.0100342000
1.0100342000
1.0100342000
0.6817610000
0.6817610000
0.6817610000
0.6817610000
0.6817610000
0.6817610000
0.4391948000
0.4391948000
0.4391948000
0.4391948000
0.4391948000
0.4391948000
1.5604113000
1.5604113000
1.5604113000
1.5604113000
1.5604113000
1.5604113000
2.0026794000
2.0026794000
2.0026794000
2.0026794000
2.0026794000
2.0026794000
0.3680705001
0.3680705001
0.3680705001
0.3680705001
0.3680705001
0.3680705001
1.4935960999
1.4935960999
1.4935960999
1.4935960999
1.4935960999
1.4935960999
0.2647649000
0.2647649000
0.2647649000
0.2647649000
0.2647649000
0.2647649000
0.4465397999
0.4465397999
0.4465397999
0.4465397999
0.4465397999
0.4465397999
0.5524818000
0.5524818000
0.5524818000
0.5524818000
0.5524818000
0.5524818000
0.5718537000
0.5718537000
0.5718537000
0.5718537000
0.5718537000
0.5718537000
0.6619234000
0.6619234000
0.6619234000
0.6619234000
0.6619234000
0.6619234000
2.0921122001
2.0921122001
2.0921122001
2.0921122001
2.0921122001
2.0921122001
1.4800043000
1.4800043000
1.4800043000
1.4800043000
1.4800043000
1.4800043000
0.4075059000
0.4075059000
0.4075059000
0.4075059000
0.4075059000
0.4075059000
0.6580959000
0.6580959000
0.6580959000
0.6580959000
0.6580959000
0.6580959000
1.7795779000
1.7795779000
1.7795779000
1.7795779000
1.7795779000
1.7795779000
2.6003760000
2.6003760000
2.6003760000
2.6003760000
2.6003760000
2.6003760000
0.3782115000
0.3782115000
0.3782115000
0.3782115000
0.3782115000
0.3782115000
0.4743308000
0.4743308000
0.4743308000
0.4743308000
0.4743308000
0.4743308000
1.1691047000
1.1691047000
1.1691047000
1.1691047000
1.1691047000
1.1691047000
2.2728734999
2.2728734999
2.2728734999
2.2728734999
2.2728734999
2.2728734999
2.2082796000
2.2082796000
2.2082796000
2.2082796000
2.2082796000
2.2082796000
0.5536427001
0.5536427001
0.5536427001
0.5536427001
0.5536427001
0.5536427001
0.2578756000
0.2578756000
0.2578756000
0.2578756000
0.2578756000
0.2578756000
0.4844425999
0.4844425999
0.4844425999
0.4844425999
0.4844425999
0.4844425999
1.6171138000
1.6171138000
1.6171138000
1.6171138000
1.6171138000
1.6171138000
0.5230441000
0.5230441000
0.5230441000
0.5230441000
0.5230441000
0.5230441000
0.9694641000
0.9694641000
0.9694641000
0.9694641000
0.9694641000
0.9694641000
1.5101966000
1.5101966000
1.5101966000
1.5101966000
1.5101966000
1.5101966000
1.5223229999
1.5223229999
1.5223229999
1.5223229999
1.5223229999
1.5223229999
0.8910147999
0.8910147999
0.8910147999
0.8910147999
0.8910147999
0.8910147999
0.9960093000
0.9960093000
0.9960093000
0.9960093000
0.9960093000
0.9960093000
0.7470241000
0.7470241000
0.7470241000
0.7470241000
0.7470241000
0.7470241000
1.0893288000
1.0893288000
1.0893288000
1.0893288000
1.0893288000
1.0893288000
0.1807372001
0.1807372001
0.1807372001
0.1807372001
0.1807372001
0.1807372001
1.7190840000
1.7190840000
1.7190840000
1.7190840000
1.7190840000
1.7190840000
0.3644302000
0.3644302000
0.3644302000
0.3644302000
0.3644302000
0.3644302000
0.8371378001
0.8371378001
0.8371378001
0.8371378001
0.8371378001
0.8371378001
0.2405576999
0.2405576999
0.2405576999
0.2405576999
0.2405576999
0.2405576999
1.6233530000
1.6233530000
1.6233530000
1.6233530000
1.6233530000
1.6233530000
0.2590263999
0.2590263999
0.2590263999
0.2590263999
0.2590263999
0.2590263999
1.9151028000
1.9151028000
1.9151028000
1.9151028000
1.9151028000
1.9151028000
0.2990437000
0.2990437000
0.2990437000
0.2990437000
0.2990437000
0.2990437000
2.2451162001
2.2451162001
2.2451162001
2.2451162001
2.2451162001
2.2451162001
