0.8242317000
0.8242317000
0.8242317000
0.8242317000
0.8242317000
0.8242317000
3.0208255000
3.0208255000
3.0208255000
3.0208255000
3.0208255000
3.0208255000
4.8811406000
4.8811406000
4.8811406000
4.8811406000
4.8811406000
4.8811406000
0.8535629000
0.8535629000
0.8535629000
0.8535629000
0.8535629000
0.8535629000
2.6654765000
2.6654765000
2.6654765000
2.6654765000
2.6654765000
2.6654765000
4.1723322000
4.1723322000
4.1723322000
4.1723322000
4.1723322000
4.1723322000
5.2130648000
5.2130648000
5.2130648000
5.2130648000
5.2130648000
5.2130648000
6.3802910000
6.3802910000
6.3802910000
6.3802910000
6.3802910000
6.3802910000
1.1474740000
1.1474740000
1.1474740000
1.1474740000
1.1474740000
1.1474740000
4.2338691000
4.2338691000
4.2338691000
4.2338691000
4.2338691000
4.2338691000
1.4765149000
1.4765149000
1.4765149000
1.4765149000
1.4765149000
1.4765149000
3.4248630000
3.4248630000
3.4248630000
3.4248630000
3.4248630000
3.4248630000
1.8294181000
1.8294181000
1.8294181000
1.8294181000
1.8294181000
1.8294181000
2.2870767000
2.2870767000
2.2870767000
2.2870767000
2.2870767000
2.2870767000
6.9110100000
6.9110100000
6.9110100000
6.9110100000
6.9110100000
6.9110100000
8.1018048000
8.1018048000
8.1018048000
8.1018048000
8.1018048000
8.1018048000
1.2600280000
1.2600280000
1.2600280000
1.2600280000
1.2600280000
1.2600280000
7.6273430000
7.6273430000
7.6273430000
7.6273430000
7.6273430000
7.6273430000
1.5288991000
1.5288991000
1.5288991000
1.5288991000
1.5288991000
1.5288991000
1.5729286000
1.5729286000
1.5729286000
1.5729286000
1.5729286000
1.5729286000
0.9703853000
0.9703853000
0.9703853000
0.9703853000
0.9703853000
0.9703853000
2.1153276000
2.1153276000
2.1153276000
2.1153276000
2.1153276000
2.1153276000
1.8647118000
1.8647118000
1.8647118000
1.8647118000
1.8647118000
1.8647118000
6.8939997000
6.8939997000
6.8939997000
6.8939997000
6.8939997000
6.8939997000
4.5854146000
4.5854146000
4.5854146000
4.5854146000
4.5854146000
4.5854146000
1.9472101000
1.9472101000
1.9472101000
1.9472101000
1.9472101000
1.9472101000
6.8153725000
6.8153725000
6.8153725000
6.8153725000
6.8153725000
6.8153725000
1.3359245000
1.3359245000
1.3359245000
1.3359245000
1.3359245000
1.3359245000
7.7291909000
7.7291909000
7.7291909000
7.7291909000
7.7291909000
7.7291909000
1.5234050000
1.5234050000
1.5234050000
1.5234050000
1.5234050000
1.5234050000
1.9766067000
1.9766067000
1.9766067000
1.9766067000
1.9766067000
1.9766067000
2.8190246000
2.8190246000
2.8190246000
2.8190246000
2.8190246000
2.8190246000
1.3083536000
1.3083536000
1.3083536000
1.3083536000
1.3083536000
1.3083536000
1.2848234000
1.2848234000
1.2848234000
1.2848234000
1.2848234000
1.2848234000
1.1995624000
1.1995624000
1.1995624000
1.1995624000
1.1995624000
1.1995624000
1.6396701000
1.6396701000
1.6396701000
1.6396701000
1.6396701000
1.6396701000
0.9066737000
0.9066737000
0.9066737000
0.9066737000
0.9066737000
0.9066737000
4.9767600000
4.9767600000
4.9767600000
4.9767600000
4.9767600000
4.9767600000
4.2194533000
4.2194533000
4.2194533000
4.2194533000
4.2194533000
4.2194533000
1.0138936000
1.0138936000
1.0138936000
1.0138936000
1.0138936000
1.0138936000
2.8863180000
2.8863180000
2.8863180000
2.8863180000
2.8863180000
2.8863180000
2.1370636000
2.1370636000
2.1370636000
2.1370636000
2.1370636000
2.1370636000
2.7334248000
2.7334248000
2.7334248000
2.7334248000
2.7334248000
2.7334248000
3.1580239000
3.1580239000
3.1580239000
3.1580239000
3.1580239000
3.1580239000
4.0559558000
4.0559558000
4.0559558000
4.0559558000
4.0559558000
4.0559558000
1.1291729000
1.1291729000
1.1291729000
1.1291729000
1.1291729000
1.1291729000
6.3472229000
6.3472229000
6.3472229000
6.3472229000
6.3472229000
6.3472229000
1.6357571000
1.6357571000
1.6357571000
1.6357571000
1.6357571000
1.6357571000
4.1802155000
4.1802155000
4.1802155000
4.1802155000
4.1802155000
4.1802155000
2.5765609000
2.5765609000
2.5765609000
2.5765609000
2.5765609000
2.5765609000
2.8424071000
2.8424071000
2.8424071000
2.8424071000
2.8424071000
2.8424071000
1.0194147000
1.0194147000
1.0194147000
1.0194147000
1.0194147000
1.0194147000
1.9103957000
1.9103957000
1.9103957000
1.9103957000
1.9103957000
1.9103957000
5.7272999000
5.7272999000
5.7272999000
5.7272999000
5.7272999000
5.7272999000
3.7299456000
3.7299456000
3.7299456000
3.7299456000
3.7299456000
3.7299456000
1.3098758000
1.3098758000
1.3098758000
1.3098758000
1.3098758000
1.3098758000
4.1257337000
4.1257337000
4.1257337000
4.1257337000
4.1257337000
4.1257337000
3.9136705000
3.9136705000
3.9136705000
3.9136705000
3.9136705000
3.9136705000
2.4975939000
2.4975939000
2.4975939000
2.4975939000
2.4975939000
2.4975939000
2.4165486000
2.4165486000
2.4165486000
2.4165486000
2.4165486000
2.4165486000
0.9459899000
0.9459899000
0.9459899000
0.9459899000
0.9459899000
0.9459899000
1.0486932000
1.0486932000
1.0486932000
1.0486932000
1.0486932000
1.0486932000
3.5970877000
3.5970877000
3.5970877000
3.5970877000
3.5970877000
3.5970877000
2.4875909000
2.4875909000
2.4875909000
2.4875909000
2.4875909000
2.4875909000
2.7721565000
2.7721565000
2.7721565000
2.7721565000
2.7721565000
2.7721565000
1.2902367000
1.2902367000
1.2902367000
1.2902367000
1.2902367000
1.2902367000
0.9380595000
0.9380595000
0.9380595000
0.9380595000
0.9380595000
0.9380595000
1.6217566000
1.6217566000
1.6217566000
1.6217566000
1.6217566000
1.6217566000
1.7113141000
1.7113141000
1.7113141000
1.7113141000
1.7113141000
1.7113141000
3.9656320000
3.9656320000
3.9656320000
3.9656320000
3.9656320000
3.9656320000
1.9152938000
1.9152938000
1.9152938000
1.9152938000
1.9152938000
1.9152938000
3.2987457000
3.2987457000
3.2987457000
3.2987457000
3.2987457000
3.2987457000
0.9952908000
0.9952908000
0.9952908000
0.9952908000
0.9952908000
0.9952908000
1.0674864000
1.0674864000
1.0674864000
1.0674864000
1.0674864000
1.0674864000
7.3028205000
7.3028205000
7.3028205000
7.3028205000
7.3028205000
7.3028205000
1.1218629000
1.1218629000
1.1218629000
1.1218629000
1.1218629000
1.1218629000
1.2169845000
1.2169845000
1.2169845000
1.2169845000
1.2169845000
1.2169845000
1.5521597000
1.5521597000
1.5521597000
1.5521597000
1.5521597000
1.5521597000
1.5098181000
1.5098181000
1.5098181000
1.5098181000
1.5098181000
1.5098181000
3.8296369000
3.8296369000
3.8296369000
3.8296369000
3.8296369000
3.8296369000
5.3563673000
5.3563673000
5.3563673000
5.3563673000
5.3563673000
5.3563673000
5.9716103000
5.9716103000
5.9716103000
5.9716103000
5.9716103000
5.9716103000
2.8571450000
2.8571450000
2.8571450000
2.8571450000
2.8571450000
2.8571450000
6.9098297000
6.9098297000
6.9098297000
6.9098297000
6.9098297000
6.9098297000
3.0742333000
3.0742333000
3.0742333000
3.0742333000
3.0742333000
3.0742333000
1.8702465000
1.8702465000
1.8702465000
1.8702465000
1.8702465000
1.8702465000
2.8803751000
2.8803751000
2.8803751000
2.8803751000
2.8803751000
2.8803751000
0.9119466000
0.9119466000
0.9119466000
0.9119466000
0.9119466000
0.9119466000
1.0641467000
1.0641467000
1.0641467000
1.0641467000
1.0641467000
1.0641467000
4.9673425000
4.9673425000
4.9673425000
4.9673425000
4.9673425000
4.9673425000
0.9343190000
0.9343190000
0.9343190000
0.9343190000
0.9343190000
0.9343190000
3.8314634000
3.8314634000
3.8314634000
3.8314634000
3.8314634000
3.8314634000
1.4658891000
1.4658891000
1.4658891000
1.4658891000
1.4658891000
1.4658891000
4.2179809000
4.2179809000
4.2179809000
4.2179809000
4.2179809000
4.2179809000
2.6103946000
2.6103946000
2.6103946000
2.6103946000
2.6103946000
2.6103946000
8.7212651000
8.7212651000
8.7212651000
8.7212651000
8.7212651000
8.7212651000
0.9915290000
0.9915290000
0.9915290000
0.9915290000
0.9915290000
0.9915290000
7.2631659000
7.2631659000
7.2631659000
7.2631659000
7.2631659000
7.2631659000
1.4900634000
1.4900634000
1.4900634000
1.4900634000
1.4900634000
1.4900634000
6.6473181000
6.6473181000
6.6473181000
6.6473181000
6.6473181000
6.6473181000