0.7308394001
0.7308394001
0.7308394001
0.7308394001
0.7308394001
0.7308394001
0.4073240000
0.4073240000
0.4073240000
0.4073240000
0.4073240000
0.4073240000
0.4713659000
0.4713659000
0.4713659000
0.4713659000
0.4713659000
0.4713659000
0.4572985000
0.4572985000
0.4572985000
0.4572985000
0.4572985000
0.4572985000
0.1044540000
0.1044540000
0.1044540000
0.1044540000
0.1044540000
0.1044540000
0.5685601999
0.5685601999
0.5685601999
0.5685601999
0.5685601999
0.5685601999
0.3272142000
0.3272142000
0.3272142000
0.3272142000
0.3272142000
0.3272142000
0.6511915000
0.6511915000
0.6511915000
0.6511915000
0.6511915000
0.6511915000
0.1147872000
0.1147872000
0.1147872000
0.1147872000
0.1147872000
0.1147872000
0.2389190000
0.2389190000
0.2389190000
0.2389190000
0.2389190000
0.2389190000
0.2621111000
0.2621111000
0.2621111000
0.2621111000
0.2621111000
0.2621111000
0.3350010001
0.3350010001
0.3350010001
0.3350010001
0.3350010001
0.3350010001
0.9955401000
0.9955401000
0.9955401000
0.9955401000
0.9955401000
0.9955401000
0.1639516000
0.1639516000
0.1639516000
0.1639516000
0.1639516000
0.1639516000
0.2810695000
0.2810695000
0.2810695000
0.2810695000
0.2810695000
0.2810695000
0.1752241000
0.1752241000
0.1752241000
0.1752241000
0.1752241000
0.1752241000
0.2048429000
0.2048429000
0.2048429000
0.2048429000
0.2048429000
0.2048429000
0.4450450999
0.4450450999
0.4450450999
0.4450450999
0.4450450999
0.4450450999
0.1568821000
0.1568821000
0.1568821000
0.1568821000
0.1568821000
0.1568821000
0.3909561000
0.3909561000
0.3909561000
0.3909561000
0.3909561000
0.3909561000
0.2245715000
0.2245715000
0.2245715000
0.2245715000
0.2245715000
0.2245715000
0.3258220000
0.3258220000
0.3258220000
0.3258220000
0.3258220000
0.3258220000
0.3202329001
0.3202329001
0.3202329001
0.3202329001
0.3202329001
0.3202329001
0.2525854000
0.2525854000
0.2525854000
0.2525854000
0.2525854000
0.2525854000
0.2043655000
0.2043655000
0.2043655000
0.2043655000
0.2043655000
0.2043655000
0.4990063000
0.4990063000
0.4990063000
0.4990063000
0.4990063000
0.4990063000
0.2764652000
0.2764652000
0.2764652000
0.2764652000
0.2764652000
0.2764652000
0.2652927000
0.2652927000
0.2652927000
0.2652927000
0.2652927000
0.2652927000
0.2884032000
0.2884032000
0.2884032000
0.2884032000
0.2884032000
0.2884032000
0.3900295000
0.3900295000
0.3900295000
0.3900295000
0.3900295000
0.3900295000
0.2593174999
0.2593174999
0.2593174999
0.2593174999
0.2593174999
0.2593174999
0.4209259001
0.4209259001
0.4209259001
0.4209259001
0.4209259001
0.4209259001
0.4350816000
0.4350816000
0.4350816000
0.4350816000
0.4350816000
0.4350816000
0.1081562000
0.1081562000
0.1081562000
0.1081562000
0.1081562000
0.1081562000
0.2406912000
0.2406912000
0.2406912000
0.2406912000
0.2406912000
0.2406912000
0.1660595000
0.1660595000
0.1660595000
0.1660595000
0.1660595000
0.1660595000
0.2803625000
0.2803625000
0.2803625000
0.2803625000
0.2803625000
0.2803625000
0.2769751000
0.2769751000
0.2769751000
0.2769751000
0.2769751000
0.2769751000
0.6573912000
0.6573912000
0.6573912000
0.6573912000
0.6573912000
0.6573912000
0.5534189000
0.5534189000
0.5534189000
0.5534189000
0.5534189000
0.5534189000
0.5315171001
0.5315171001
0.5315171001
0.5315171001
0.5315171001
0.5315171001
0.3832314999
0.3832314999
0.3832314999
0.3832314999
0.3832314999
0.3832314999
0.3729995000
0.3729995000
0.3729995000
0.3729995000
0.3729995000
0.3729995000
0.0966152999
0.0966152999
0.0966152999
0.0966152999
0.0966152999
0.0966152999
1.1304641000
1.1304641000
1.1304641000
1.1304641000
1.1304641000
1.1304641000
0.4183688000
0.4183688000
0.4183688000
0.4183688000
0.4183688000
0.4183688000
0.4476288999
0.4476288999
0.4476288999
0.4476288999
0.4476288999
0.4476288999
0.9884872000
0.9884872000
0.9884872000
0.9884872000
0.9884872000
0.9884872000
0.1765512000
0.1765512000
0.1765512000
0.1765512000
0.1765512000
0.1765512000
0.3349817999
0.3349817999
0.3349817999
0.3349817999
0.3349817999
0.3349817999
0.7813572000
0.7813572000
0.7813572000
0.7813572000
0.7813572000
0.7813572000
0.6251037000
0.6251037000
0.6251037000
0.6251037000
0.6251037000
0.6251037000
0.1523050000
0.1523050000
0.1523050000
0.1523050000
0.1523050000
0.1523050000
0.1222163000
0.1222163000
0.1222163000
0.1222163000
0.1222163000
0.1222163000
0.3526791000
0.3526791000
0.3526791000
0.3526791000
0.3526791000
0.3526791000
0.3819087000
0.3819087000
0.3819087000
0.3819087000
0.3819087000
0.3819087000
0.6403500000
0.6403500000
0.6403500000
0.6403500000
0.6403500000
0.6403500000
0.3293248001
0.3293248001
0.3293248001
0.3293248001
0.3293248001
0.3293248001
0.3127400001
0.3127400001
0.3127400001
0.3127400001
0.3127400001
0.3127400001
0.5326862000
0.5326862000
0.5326862000
0.5326862000
0.5326862000
0.5326862000
0.2580812000
0.2580812000
0.2580812000
0.2580812000
0.2580812000
0.2580812000
0.4453672001
0.4453672001
0.4453672001
0.4453672001
0.4453672001
0.4453672001
0.1709155000
0.1709155000
0.1709155000
0.1709155000
0.1709155000
0.1709155000
0.8716907999
0.8716907999
0.8716907999
0.8716907999
0.8716907999
0.8716907999
0.2510072000
0.2510072000
0.2510072000
0.2510072000
0.2510072000
0.2510072000
0.1973746000
0.1973746000
0.1973746000
0.1973746000
0.1973746000
0.1973746000
0.1843907001
0.1843907001
0.1843907001
0.1843907001
0.1843907001
0.1843907001
0.4959532000
0.4959532000
0.4959532000
0.4959532000
0.4959532000
0.4959532000
0.7087508000
0.7087508000
0.7087508000
0.7087508000
0.7087508000
0.7087508000
0.2913744999
0.2913744999
0.2913744999
0.2913744999
0.2913744999
0.2913744999
0.3287492000
0.3287492000
0.3287492000
0.3287492000
0.3287492000
0.3287492000
0.5185429000
0.5185429000
0.5185429000
0.5185429000
0.5185429000
0.5185429000
0.2253038000
0.2253038000
0.2253038000
0.2253038000
0.2253038000
0.2253038000
0.5058230000
0.5058230000
0.5058230000
0.5058230000
0.5058230000
0.5058230000
0.3823839000
0.3823839000
0.3823839000
0.3823839000
0.3823839000
0.3823839000
0.1800855000
0.1800855000
0.1800855000
0.1800855000
0.1800855000
0.1800855000
0.2600248000
0.2600248000
0.2600248000
0.2600248000
0.2600248000
0.2600248000
0.5319004001
0.5319004001
0.5319004001
0.5319004001
0.5319004001
0.5319004001
0.0997041001
0.0997041001
0.0997041001
0.0997041001
0.0997041001
0.0997041001
0.1797753000
0.1797753000
0.1797753000
0.1797753000
0.1797753000
0.1797753000
0.4071327001
0.4071327001
0.4071327001
0.4071327001
0.4071327001
0.4071327001
0.1556137000
0.1556137000
0.1556137000
0.1556137000
0.1556137000
0.1556137000
0.1423166000
0.1423166000
0.1423166000
0.1423166000
0.1423166000
0.1423166000
0.3655735001
0.3655735001
0.3655735001
0.3655735001
0.3655735001
0.3655735001
0.1145255001
0.1145255001
0.1145255001
0.1145255001
0.1145255001
0.1145255001
0.3027764000
0.3027764000
0.3027764000
0.3027764000
0.3027764000
0.3027764000
0.0993039000
0.0993039000
0.0993039000
0.0993039000
0.0993039000
0.0993039000
0.3882964000
0.3882964000
0.3882964000
0.3882964000
0.3882964000
0.3882964000
0.4188195000
0.4188195000
0.4188195000
0.4188195000
0.4188195000
0.4188195000
0.5611998000
0.5611998000
0.5611998000
0.5611998000
0.5611998000
0.5611998000
0.0967165000
0.0967165000
0.0967165000
0.0967165000
0.0967165000
0.0967165000
0.1353587999
0.1353587999
0.1353587999
0.1353587999
0.1353587999
0.1353587999
0.5477520000
0.5477520000
0.5477520000
0.5477520000
0.5477520000
0.5477520000
0.1076746000
0.1076746000
0.1076746000
0.1076746000
0.1076746000
0.1076746000
0.4652433001
0.4652433001
0.4652433001
0.4652433001
0.4652433001
0.4652433001
0.3977681000
0.3977681000
0.3977681000
0.3977681000
0.3977681000
0.3977681000
0.1919170000
0.1919170000
0.1919170000
0.1919170000
0.1919170000
0.1919170000
0.4419214000
0.4419214000
0.4419214000
0.4419214000
0.4419214000
0.4419214000
0.2073276000
0.2073276000
0.2073276000
0.2073276000
0.2073276000
0.2073276000
0.2334537000
0.2334537000
0.2334537000
0.2334537000
0.2334537000
0.2334537000