2.3125000000
2.3125000000
2.3125000000
2.3125000000
2.3125000000
2.3125000000
1.3125000000
1.3125000000
1.3125000000
1.3125000000
1.3125000000
1.3125000000
2.3750000000
2.3750000000
2.3750000000
2.3750000000
2.3750000000
2.3750000000
2.4531250000
2.4531250000
2.4531250000
2.4531250000
2.4531250000
2.4531250000
8.3750000000
8.3750000000
8.3750000000
8.3750000000
8.3750000000
8.3750000000
3.3906250000
3.3906250000
3.3906250000
3.3906250000
3.3906250000
3.3906250000
1.6562500000
1.6562500000
1.6562500000
1.6562500000
1.6562500000
1.6562500000
4.3437500000
4.3437500000
4.3437500000
4.3437500000
4.3437500000
4.3437500000
3.9531250000
3.9531250000
3.9531250000
3.9531250000
3.9531250000
3.9531250000
6.3437500000
6.3437500000
6.3437500000
6.3437500000
6.3437500000
6.3437500000
1.1093750000
1.1093750000
1.1093750000
1.1093750000
1.1093750000
1.1093750000
2.4375000000
2.4375000000
2.4375000000
2.4375000000
2.4375000000
2.4375000000
0.5937500000
0.5937500000
0.5937500000
0.5937500000
0.5937500000
0.5937500000
6.6718750000
6.6718750000
6.6718750000
6.6718750000
6.6718750000
6.6718750000
7.0312500000
7.0312500000
7.0312500000
7.0312500000
7.0312500000
7.0312500000
1.5781250000
1.5781250000
1.5781250000
1.5781250000
1.5781250000
1.5781250000
1.9687500000
1.9687500000
1.9687500000
1.9687500000
1.9687500000
1.9687500000
2.7968750000
2.7968750000
2.7968750000
2.7968750000
2.7968750000
2.7968750000
2.8437500000
2.8437500000
2.8437500000
2.8437500000
2.8437500000
2.8437500000
2.7656250000
2.7656250000
2.7656250000
2.7656250000
2.7656250000
2.7656250000
6.5468750000
6.5468750000
6.5468750000
6.5468750000
6.5468750000
6.5468750000
1.4375000000
1.4375000000
1.4375000000
1.4375000000
1.4375000000
1.4375000000
3.0468750000
3.0468750000
3.0468750000
3.0468750000
3.0468750000
3.0468750000
1.7968750000
1.7968750000
1.7968750000
1.7968750000
1.7968750000
1.7968750000
0.6562500000
0.6562500000
0.6562500000
0.6562500000
0.6562500000
0.6562500000
3.5156250000
3.5156250000
3.5156250000
3.5156250000
3.5156250000
3.5156250000
6.7812500000
6.7812500000
6.7812500000
6.7812500000
6.7812500000
6.7812500000
3.0312500000
3.0312500000
3.0312500000
3.0312500000
3.0312500000
3.0312500000
5.5625000000
5.5625000000
5.5625000000
5.5625000000
5.5625000000
5.5625000000
2.7656250000
2.7656250000
2.7656250000
2.7656250000
2.7656250000
2.7656250000
1.9687500000
1.9687500000
1.9687500000
1.9687500000
1.9687500000
1.9687500000
1.7968750000
1.7968750000
1.7968750000
1.7968750000
1.7968750000
1.7968750000
8.0312500000
8.0312500000
8.0312500000
8.0312500000
8.0312500000
8.0312500000
0.7656250000
0.7656250000
0.7656250000
0.7656250000
0.7656250000
0.7656250000
4.5468750000
4.5468750000
4.5468750000
4.5468750000
4.5468750000
4.5468750000
1.9843750000
1.9843750000
1.9843750000
1.9843750000
1.9843750000
1.9843750000
3.3750000000
3.3750000000
3.3750000000
3.3750000000
3.3750000000
3.3750000000
2.6250000000
2.6250000000
2.6250000000
2.6250000000
2.6250000000
2.6250000000
3.4062500000
3.4062500000
3.4062500000
3.4062500000
3.4062500000
3.4062500000
7.6093750000
7.6093750000
7.6093750000
7.6093750000
7.6093750000
7.6093750000
5.7656250000
5.7656250000
5.7656250000
5.7656250000
5.7656250000
5.7656250000
1.8125000000
1.8125000000
1.8125000000
1.8125000000
1.8125000000
1.8125000000
1.2656250000
1.2656250000
1.2656250000
1.2656250000
1.2656250000
1.2656250000
1.7656250000
1.7656250000
1.7656250000
1.7656250000
1.7656250000
1.7656250000
1.9687500000
1.9687500000
1.9687500000
1.9687500000
1.9687500000
1.9687500000
3.8437500000
3.8437500000
3.8437500000
3.8437500000
3.8437500000
3.8437500000
1.4218750000
1.4218750000
1.4218750000
1.4218750000
1.4218750000
1.4218750000
5.8750000000
5.8750000000
5.8750000000
5.8750000000
5.8750000000
5.8750000000
9.4218750000
9.4218750000
9.4218750000
9.4218750000
9.4218750000
9.4218750000
1.2031250000
1.2031250000
1.2031250000
1.2031250000
1.2031250000
1.2031250000
2.5156250000
2.5156250000
2.5156250000
2.5156250000
2.5156250000
2.5156250000
1.3593750000
1.3593750000
1.3593750000
1.3593750000
1.3593750000
1.3593750000
4.1718750000
4.1718750000
4.1718750000
4.1718750000
4.1718750000
4.1718750000
2.5625000000
2.5625000000
2.5625000000
2.5625000000
2.5625000000
2.5625000000
2.3906250000
2.3906250000
2.3906250000
2.3906250000
2.3906250000
2.3906250000
6.2968750000
6.2968750000
6.2968750000
6.2968750000
6.2968750000
6.2968750000
1.1562500000
1.1562500000
1.1562500000
1.1562500000
1.1562500000
1.1562500000
2.0312500000
2.0312500000
2.0312500000
2.0312500000
2.0312500000
2.0312500000
1.1250000000
1.1250000000
1.1250000000
1.1250000000
1.1250000000
1.1250000000
1.3593750000
1.3593750000
1.3593750000
1.3593750000
1.3593750000
1.3593750000
4.1562500000
4.1562500000
4.1562500000
4.1562500000
4.1562500000
4.1562500000
3.0156250000
3.0156250000
3.0156250000
3.0156250000
3.0156250000
3.0156250000
1.7343750000
1.7343750000
1.7343750000
1.7343750000
1.7343750000
1.7343750000
3.0000000000
3.0000000000
3.0000000000
3.0000000000
3.0000000000
3.0000000000
5.0468750000
5.0468750000
5.0468750000
5.0468750000
5.0468750000
5.0468750000
7.8906250000
7.8906250000
7.8906250000
7.8906250000
7.8906250000
7.8906250000
2.3750000000
2.3750000000
2.3750000000
2.3750000000
2.3750000000
2.3750000000
3.2812500000
3.2812500000
3.2812500000
3.2812500000
3.2812500000
3.2812500000
1.0312500000
1.0312500000
1.0312500000
1.0312500000
1.0312500000
1.0312500000
6.0000000000
6.0000000000
6.0000000000
6.0000000000
6.0000000000
6.0000000000
1.7812500000
1.7812500000
1.7812500000
1.7812500000
1.7812500000
1.7812500000
8.7343750000
8.7343750000
8.7343750000
8.7343750000
8.7343750000
8.7343750000
2.7500000000
2.7500000000
2.7500000000
2.7500000000
2.7500000000
2.7500000000
2.2500000000
2.2500000000
2.2500000000
2.2500000000
2.2500000000
2.2500000000
2.0000000000
2.0000000000
2.0000000000
2.0000000000
2.0000000000
2.0000000000
5.5312500000
5.5312500000
5.5312500000
5.5312500000
5.5312500000
5.5312500000
3.4062500000
3.4062500000
3.4062500000
3.4062500000
3.4062500000
3.4062500000
3.8437500000
3.8437500000
3.8437500000
3.8437500000
3.8437500000
3.8437500000
2.2343750000
2.2343750000
2.2343750000
2.2343750000
2.2343750000
2.2343750000
5.8906250000
5.8906250000
5.8906250000
5.8906250000
5.8906250000
5.8906250000
3.4218750000
3.4218750000
3.4218750000
3.4218750000
3.4218750000
3.4218750000
1.1250000000
1.1250000000
1.1250000000
1.1250000000
1.1250000000
1.1250000000
7.3281250000
7.3281250000
7.3281250000
7.3281250000
7.3281250000
7.3281250000
1.0468750000
1.0468750000
1.0468750000
1.0468750000
1.0468750000
1.0468750000
4.9375000000
4.9375000000
4.9375000000
4.9375000000
4.9375000000
4.9375000000
3.2031250000
3.2031250000
3.2031250000
3.2031250000
3.2031250000
3.2031250000
2.7500000000
2.7500000000
2.7500000000
2.7500000000
2.7500000000
2.7500000000
1.3906250000
1.3906250000
1.3906250000
1.3906250000
1.3906250000
1.3906250000
1.5468750000
1.5468750000
1.5468750000
1.5468750000
1.5468750000
1.5468750000
1.9843750000
1.9843750000
1.9843750000
1.9843750000
1.9843750000
1.9843750000
1.7656250000
1.7656250000
1.7656250000
1.7656250000
1.7656250000
1.7656250000
6.5781250000
6.5781250000
6.5781250000
6.5781250000
6.5781250000
6.5781250000
1.9062500000
1.9062500000
1.9062500000
1.9062500000
1.9062500000
1.9062500000
2.2343750000
2.2343750000
2.2343750000
2.2343750000
2.2343750000
2.2343750000
1.0312500000
1.0312500000
1.0312500000
1.0312500000
1.0312500000
1.0312500000
1.3437500000
1.3437500000
1.3437500000
1.3437500000
1.3437500000
1.3437500000
2.3437500000
2.3437500000
2.3437500000
2.3437500000
2.3437500000
2.3437500000
3.2343750000
3.2343750000
3.2343750000
3.2343750000
3.2343750000
3.2343750000
4.0937500000
4.0937500000
4.0937500000
4.0937500000
4.0937500000
4.0937500000
4.7656250000
4.7656250000
4.7656250000
4.7656250000
4.7656250000
4.7656250000
