0.234321281314
0.179387554526
0.164848789573
0.158233791590
0.154192775488
0.151497513056
0.149651929736
0.148365542293
0.147444292903
0.146759882569
0.146228939295
0.145798057318
0.145432114601
0.145109519362
0.144816353917
0.144543409348
0.144285157323
0.144037261605
0.143797293305
0.143563538790
0.143335610628
0.143111690879
0.142891332507
0.142674058676
0.142459660769
0.142247945070
0.142038166523
0.141830533743
0.141625031829
0.141420707107
0.141217827797
0.141016811132
0.140816867352
0.140618056059
0.140419766307
0.140222981572
0.140026956797
0.139831185341
0.139636635780
0.139442667365
0.139248907566
0.139055714011
0.138863250613
0.138671055436
0.138479337096
0.138287544250
0.138096243143
0.137905523181
0.137714922428
0.137524604797
0.137334614992
0.137144565582
0.136955007911
0.136765643954
0.136576727033
0.136387571692
0.136199042201
0.136010676622
0.135822594166
0.135634660721
0.135447159410
0.135259881616
0.135072976351
0.134886160493
0.177232548594
0.126769319177
0.115658715367
0.111178085208
0.108332499862
0.106257095933
0.104711458087
0.103561118245
0.102705404162
0.102065697312
0.101582989097
0.101212099195
0.100921377540
0.100687935948
0.100495412946
0.100331708789
0.100187912583
0.100058332086
0.099938288331
0.099823698401
0.099712923169
0.099602803588
0.099492713809
0.099380508065
0.099266692996
0.099148198962
0.099025920033
0.098898604512
0.098766162992
0.098627552390
0.098482772708
0.098330095410
0.098170831800
0.098003521562
0.097828343511
0.097644731402
0.097452118993
0.097250536084
0.097039654851
0.096819087863
0.096587911248
0.096347108483
0.096095368266
0.095832392573
0.095558062196
0.095272913575
0.094975098968
0.094665691257
0.094343438745
0.094008073211
0.093660041690
0.093298509717
0.092923149467
0.092533424497
0.092129006982
0.091709926724
0.091275468469
0.090825602412
0.090360388160
0.089878246188
0.089379683137
0.088863685727
0.088330671191
0.087779775262
0.253360450268
0.201502069831
0.187435016036
0.181178390980
0.177678987384
0.175645574927
0.174480244517
0.173816308379
0.173422992229
0.173162862659
0.172960624099
0.172777444124
0.172595962882
0.172409266233
0.172214895487
0.172013789415
0.171807810664
0.171597570181
0.171384707093
0.171169713140
0.170954048634
0.170738026500
0.170522019267
0.170306548476
0.170091360807
0.169877305627
0.169663667679
0.169451087713
0.169239684939
0.169028893113
0.168818637729
0.168609485030
0.168401300907
0.168193399906
0.167986944318
0.167780756950
0.167575120926
0.167369812727
0.167165473104
0.166961401701
0.166757717729
0.166554495692
0.166351556778
0.166149049997
0.165946379304
0.165743663907
0.165541663766
0.165339410305
0.165137529373
0.164935320616
0.164733365178
0.164531141520
0.164328828454
0.164126068354
0.163923218846
0.163720026612
0.163516655564
0.163313314319
0.163109138608
0.162904947996
0.162700057030
0.162494778633
0.162288889289
0.162082150578
0.272982299328
0.199981093407
0.182785511017
0.175979688764
0.172198966146
0.169885665178
0.168443113565
0.167524635792
0.166910782456
0.166466951370
0.166115999222
0.165814161301
0.165540084243
0.165282085538
0.165034487844
0.164794012904
0.164560154080
0.164331495762
0.164107725024
0.163888141513
0.163673192263
0.163462176919
0.163255006075
0.163050606847
0.162849768996
0.162651076913
0.162455484271
0.162261962891
0.162069991231
0.161879464984
0.161690711975
0.161502927542
0.161315977573
0.161129534245
0.160943284631
0.160757377744
0.160571053624
0.160384550691
0.160197645426
0.160009726882
0.159820973873
0.159630820155
0.159439161420
0.159245967865
0.159050881863
0.158853366971
0.158653691411
0.158451229334
0.158246204257
0.158037871122
0.157825842500
0.157610163093
0.157390683889
0.157167062163
0.156938850880
0.156705468893
0.156466722488
0.156222417951
0.155972197652
0.155716001987
0.155452206731
0.155181348324
0.154903218150
0.154616340995
0.820515751839
0.684146940708
0.626374661922
0.595841586590
0.579446971416
0.570960044861
0.566710770130
0.564579427242
0.563410222530
0.562612414360
0.561905860901
0.561172187328
0.560373008251
0.559504449368
0.558578670025
0.557609856129
0.556611537933
0.555594742298
0.554568827152
0.553538560867
0.552508890629
0.551482141018
0.550459802151
0.549442410469
0.548431098461
0.547424077988
0.546422302723
0.545424759388
0.544430673122
0.543439209461
0.542450189590
0.541462898254
0.540476620197
0.539490759373
0.538505017757
0.537518620491
0.536531031132
0.535542190075
0.534551322460
0.533558249474
0.532562673092
0.531564176083
0.530562520027
0.529557764530
0.528549134731
0.527536809444
0.526520729065
0.525500774384
0.524476468563
0.523447334766
0.522413730621
0.521375834942
0.520332813263
0.519285142422
0.518232524395
0.517174661160
0.516111671925
0.515044033527
0.513970673084
0.512892544270
0.511808812618
0.510719597340
0.509625434875
0.508525311947
0.389985382557
0.318809568882
0.294215381145
0.281581968069
0.274319887161
0.270206004381
0.267981886864
0.266832828522
0.266247093678
0.265925407410
0.265705943108
0.265508890152
0.265300810337
0.265069484711
0.264814138412
0.264538139105
0.264246940613
0.263944268227
0.263634443283
0.263320565224
0.263005077839
0.262690097094
0.262376248837
0.262065351009
0.261757671833
0.261453598738
0.261154592037
0.260859787464
0.260569572449
0.260284602642
0.260004401207
0.259728580713
0.259457617998
0.259192198515
0.258930981159
0.258674442768
0.258422791958
0.258174866438
0.257931888103
0.257693052292
0.257457792759
0.257227003574
0.256999969482
0.256776601076
0.256556987762
0.256340384483
0.256127357483
0.255917370319
0.255710899830
0.255507022142
0.255306333303
0.255107671022
0.254912137985
0.254719197750
0.254528343678
0.254339933395
0.254153847694
0.253969728947
0.253787815571
0.253607451916
0.253429144621
0.253252446651
0.253077387810
0.252904266119
0.188011541963
0.143017902970
0.131230816245
0.125879809260
0.122610762715
0.120440825820
0.118966802955
0.117942079902
0.117205426097
0.116650328040
0.116211548448
0.115848138928
0.115535423160
0.115258291364
0.115006431937
0.114774271846
0.114558234811
0.114354297519
0.114160701632
0.113975569606
0.113797828555
0.113626703620
0.113461151719
0.113300070167
0.113142743707
0.112988904119
0.112838402390
0.112690046430
0.112543925643
0.112398639321
0.112255051732
0.112112209201
0.111970052123
0.111827984452
0.111685946584
0.111543312669
0.111400738358
0.111256614327
0.111112341285
0.110966756940
0.110819920897
0.110671594739
0.110521689057
0.110369697213
0.110216572881
0.110061123967
0.109903141856
0.109743580222
0.109581634402
0.109417125583
0.109250172973
0.109080627561
0.108908131719
0.108733251691
0.108555510640
0.108374580741
0.108190968633
0.108004316688
0.107814148068
0.107621356845
0.107424601912
0.107225045562
0.107021793723
0.106814756989
0.432005763054
0.346722185612
0.316500395536
0.300593167543
0.291223049164
0.285746216774
0.282636821270
0.280892282724
0.279875665903
0.279212772846
0.278700649738
0.278237909079
0.277779936790
0.277309447527
0.276824742556
0.276328384876
0.275824904442
0.275318354368
0.274813562632
0.274313092232
0.273819178343
0.273333430290
0.272858351469
0.272392928600
0.271938860416
0.271496355534
0.271065652370
0.270646035671
0.270238399506
0.269841730595
0.269456505775
0.269081950188
0.268718272448
0.268364489079
0.268021315336
0.267687737942
0.267363637686
0.267048895359
0.266742795706
0.266445517540
0.266156107187
0.265874981880
0.265601575375
0.265335381031
0.265076100826
0.264823943377
0.264578342438
0.264338880777
0.264106035233
0.263878613710
0.263656765223
0.263440251350
0.263229310513
0.263023495674
0.262821823359
0.262624740601
0.262432396412
0.262244105339
0.262059628963
0.261879563332
0.261702656746
0.261530131102
0.261360168457
0.261193990707
0.427516609430
0.345500558615
0.316587179899
0.301744759083
0.293378442526
0.288826763630
0.286550045013
0.285550504923
0.285202801228
0.285145640373
0.285184830427
0.285228997469
0.285240232944
0.285207837820
0.285134494305
0.285026252270
0.284890711308
0.284735023975
0.284564197063
0.284383058548
0.284194976091
0.284002602100
0.283807277679
0.283611059189
0.283414483070
0.283218860626
0.283023893833
0.282830744982
0.282639175653
0.282449662685
0.282262206078
0.282076597214
0.281893938780
0.281713217497
0.281534820795
0.281358629465
0.281184196472
0.281012713909
0.280842065811
0.280674159527
0.280507802963
0.280343681574
0.280180871487
0.280019789934
0.279860079288
0.279701769352
0.279544353485
0.279388487339
0.279233157635
0.279078960419
0.278925448656
0.278772860765
0.278620779514
0.278468847275
0.278317481279
0.278165847063
0.278014600277
0.277863174677
0.277711689472
0.277559757233
0.277407258749
0.277254223824
0.277100801468
0.276946246624
0.661257743835
0.546443223953
0.496948599815
0.470597505569
0.456847906113
0.450487852097
0.448177158833
0.447838783264
0.448287665844
0.448913127184
0.449442088604
0.449778914452
0.449912071228
0.449867188931
0.449677258730
0.449377059937
0.448994964361
0.448552966118
0.448068350554
0.447554200888
0.447019964457
0.446472048759
0.445915281773
0.445353299379
0.444788336754
0.444221735001
0.443655073643
0.443088829517
0.442523360252
0.441959261894
0.441396445036
0.440835058689
0.440275013447
0.439716428518
0.439159572124
0.438603520393
0.438048869371
0.437494993210
0.436942905188
0.436390638351
0.435839176178
0.435288369656
0.434737861156
0.434187412262
0.433637201786
0.433086723089
0.432536274195
0.431985735893
0.431434094906
0.430882096291
0.430329203606
0.429775774479
0.429221451283
0.428665399551
0.428108513355
0.427549898624
0.426990091801
0.426428377628
0.425864875317
0.425299882889
0.424732446671
0.424163043499
0.423591345549
0.423017859459
0.133791610599
0.096516117454
0.087527200580
0.083370283246
0.080525234342
0.078385427594
0.076768651605
0.075559541583
0.074662640691
0.074000194669
0.073512032628
0.073150321841
0.072881415486
0.072679027915
0.072525098920
0.072406902909
0.072314247489
0.072239145637
0.072177663445
0.072126075625
0.072079673409
0.072037294507
0.071997299790
0.071957901120
0.071917638183
0.071876600385
0.071833297610
0.071786507964
0.071737214923
0.071684256196
0.071626916528
0.071564689279
0.071498349309
0.071426197886
0.071349546313
0.071266695857
0.071178868413
0.071085259318
0.070985540748
0.070880547166
0.070768997073
0.070651873946
0.070528194308
0.070399180055
0.070263400674
0.070121392608
0.069973424077
0.069819077849
0.069658353925
0.069491967559
0.069318905473
0.069139584899
0.068954274058
0.068762466311
0.068564698100
0.068360224366
0.068150147796
0.067933604121
0.067711308599
0.067481800914
0.067246988416
0.067005619407
0.066757693887
0.066504016519
0.224396988750
0.168952971697
0.153134614229
0.145422175527
0.140597492456
0.137422144413
0.135350212455
0.134023293853
0.133189767599
0.132672354579
0.132353231311
0.132154241204
0.132025569677
0.131935939193
0.131866022944
0.131803274155
0.131741151214
0.131675034761
0.131603017449
0.131524085999
0.131437167525
0.131342828274
0.131241172552
0.131132096052
0.131016895175
0.130894899368
0.130767092109
0.130633920431
0.130494862795
0.130351349711
0.130203157663
0.130050241947
0.129893347621
0.129732087255
0.129567369819
0.129398331046
0.129225939512
0.129049658775
0.128870233893
0.128687679768
0.128501594067
0.128312543035
0.128120526671
0.127925127745
0.127727091312
0.127526059747
0.127321958542
0.127115339041
0.126905679703
0.126694038510
0.126478910446
0.126261994243
0.126042097807
0.125819846988
0.125595003366
0.125367403030
0.125137940049
0.124905556440
0.124671250582
0.124434858561
0.124195337296
0.123954042792
0.123710557818
0.123465090990
0.033935029060
0.016071248800
0.013465661556
0.012818593532
0.012332040817
0.011850345880
0.011416662484
0.011063504964
0.010799665004
0.010615009815
0.010494817048
0.010424453765
0.010389793664
0.010380316526
0.010387767106
0.010405022651
0.010428447276
0.010454434901
0.010481107980
0.010506290942
0.010528463870
0.010545928031
0.010559279472
0.010566789657
0.010568190366
0.010563481599
0.010551918298
0.010533858091
0.010508019477
0.010474640876
0.010434050113
0.010385829955
0.010329831392
0.010265905410
0.010194052011
0.010114539415
0.010026860982
0.009931791574
0.009827930480
0.009716857225
0.009597618133
0.009470541030
0.009336132556
0.009193707258
0.009043354541
0.008885610849
0.008720505983
0.008547682315
0.008367795497
0.008180696517
0.007986325771
0.007784474641
0.007575530559
0.007359880954
0.007137466222
0.006907869130
0.006671983749
0.006429035217
0.006179738790
0.005923885852
0.005661744624
0.005393464118
0.005118239671
0.004837680608
0.737107098103
0.609440505505
0.554146766663
0.524793505669
0.509577512741
0.502582907677
0.500042378902
0.499645948410
0.500094830990
0.500728785992
0.501254975796
0.501573085785
0.501673400402
0.501582503319
0.501338183880
0.500977098942
0.500529944897
0.500020682812
0.499468028545
0.498885691166
0.498283863068
0.497668504715
0.497045218945
0.496417760849
0.495788514614
0.495159268379
0.494530200958
0.493902623653
0.493276596069
0.492651760578
0.492029249668
0.491408646107
0.490789294243
0.490171134472
0.489554524422
0.488939225674
0.488324224949
0.487710297108
0.487096607685
0.486482799053
0.485868752003
0.485254406929
0.484639644623
0.484023809433
0.483406662941
0.482788026333
0.482168495655
0.481546580791
0.480923175812
0.480297148228
0.479668915272
0.479037702084
0.478404104710
0.477767407894
0.477127432823
0.476484060287
0.475836634636
0.475186169147
0.474531233311
0.473872303963
0.473208546638
0.472540974617
0.471868574619
0.471191436052
0.731723010540
0.608750820160
0.556275963783
0.528869092464
0.514688134193
0.507918238640
0.505047857761
0.504023551941
0.503736197948
0.503635942936
0.503481388092
0.503189027309
0.502746522427
0.502173602581
0.501496136189
0.500740468502
0.499928653240
0.499077975750
0.498200893402
0.497307837009
0.496404469013
0.495495975018
0.494583785534
0.493672013283
0.492760479450
0.491850018501
0.490940630436
0.490033447742
0.489127397537
0.488222658634
0.487318336964
0.486415207386
0.485512435436
0.484609544277
0.483706116676
0.482803046703
0.481899201870
0.480994164944
0.480088353157
0.479180991650
0.478272378445
0.477362394333
0.476450443268
0.475536406040
0.474621176720
0.473703235388
0.472782731056
0.471860229969
0.470935344696
0.470008373260
0.469078242779
0.468145966530
0.467210948467
0.466273069382
0.465332269669
0.464388489723
0.463442564011
0.462493181229
0.461541384459
0.460585951805
0.459628254175
0.458667099476
0.457703292370
0.456735938787
0.131589755416
0.093375667930
0.083330079913
0.078580632806
0.075499758124
0.073327556252
0.071770921350
0.070647284389
0.069826260209
0.069215312600
0.068749591708
0.068385079503
0.068092003465
0.067849263549
0.067643538117
0.067465171218
0.067306026816
0.067161753774
0.067029610276
0.066906556487
0.066789463162
0.066677704453
0.066569849849
0.066465243697
0.066362306476
0.066260948777
0.066159859300
0.066059336066
0.065957918763
0.065855845809
0.065752670169
0.065647974610
0.065541639924
0.065432861447
0.065322414041
0.065209195018
0.065093263984
0.064974591136
0.064852669835
0.064727798104
0.064599677920
0.064468517900
0.064333811402
0.064195260406
0.064053341746
0.063907966018
0.063758715987
0.063605681062
0.063449278474
0.063289150596
0.063125565648
0.062957838178
0.062786236405
0.062611207366
0.062432367355
0.062249857932
0.062063891441
0.061873901635
0.061680335552
0.061483133584
0.061281640083
0.061077225953
0.060869026929
0.060657311231
0.173477992415
0.131021037698
0.120619043708
0.116073891521
0.113253459334
0.111312106252
0.109939530492
0.108951404691
0.108221814036
0.107665315270
0.107225492597
0.106864854693
0.106560036540
0.106294825673
0.106059387326
0.105845972896
0.105649575591
0.105466738343
0.105294957757
0.105132356286
0.104976311326
0.104826584458
0.104681596160
0.104540511966
0.104402676225
0.104267582297
0.104134604335
0.104002639651
0.103872105479
0.103741928935
0.103612229228
0.103482440114
0.103352323174
0.103221580386
0.103089645505
0.102956876159
0.102822497487
0.102686807513
0.102549389005
0.102410182357
0.102268710732
0.102125152946
0.101979538798
0.101831510663
0.101680710912
0.101527437568
0.101371541619
0.101213142276
0.101051703095
0.100887194276
0.100719854236
0.100548788905
0.100375458598
0.100198373199
0.100018307567
0.099834576249
0.099647685885
0.099457129836
0.099263295531
0.099065586925
0.098864123225
0.098659232259
0.098450168967
0.098237439990
0.261857092381
0.199839189649
0.183168709278
0.175722256303
0.171432986856
0.168814897537
0.167201057076
0.166184142232
0.165505900979
0.165011748672
0.164614379406
0.164267495275
0.163947448134
0.163643434644
0.163350358605
0.163065865636
0.162789240479
0.162520512938
0.162258639932
0.162004947662
0.161757946014
0.161517828703
0.161283850670
0.161056444049
0.160834446549
0.160617679358
0.160406216979
0.160199224949
0.159996509552
0.159797698259
0.159601956606
0.159409895539
0.159219905734
0.159032687545
0.158847793937
0.158664852381
0.158483639359
0.158303439617
0.158124268055
0.157946079969
0.157768413424
0.157590806484
0.157413363457
0.157236441970
0.157059043646
0.156880423427
0.156701430678
0.156522005796
0.156340971589
0.156159132719
0.155975759029
0.155790656805
0.155603721738
0.155414566398
0.155223399401
0.155029907823
0.154834106565
0.154635518789
0.154433652759
0.154228702188
0.154020980000
0.153809472919
0.153593987226
0.153374955058
0.387636780739
0.305207103491
0.279197990894
0.266378462315
0.258959531784
0.254635572433
0.252176940441
0.250789642334
0.249971166253
0.249425873160
0.248994097114
0.248598679900
0.248204573989
0.247801825404
0.247389242053
0.246969148517
0.246546998620
0.246124699712
0.245706304908
0.245294615626
0.244890555739
0.244495674968
0.244110569358
0.243736132979
0.243371710181
0.243018254638
0.242675825953
0.242343828082
0.242021963000
0.241710647941
0.241408631206
0.241116687655
0.240833982825
0.240560099483
0.240294918418
0.240038052201
0.239789471030
0.239548429847
0.239315584302
0.239089593291
0.238870576024
0.238658651710
0.238453015685
0.238253399730
0.238060012460
0.237872585654
0.237690910697
0.237514421344
0.237343057990
0.237176641822
0.237015143037
0.236858710647
0.236706361175
0.236558005214
0.236414358020
0.236274525523
0.236138448119
0.236006066203
0.235877141356
0.235751911998
0.235629752278
0.235510572791
0.235394701362
0.235281690955
0.273006856441
0.214328721166
0.198872894049
0.192066937685
0.188213750720
0.185934677720
0.184607923031
0.183845117688
0.183397009969
0.183110460639
0.182899251580
0.182716757059
0.182540670037
0.182361796498
0.182177022099
0.181984841824
0.181787401438
0.181584700942
0.181378170848
0.181169092655
0.180957734585
0.180744573474
0.180530816317
0.180315941572
0.180100813508
0.179884955287
0.179668888450
0.179452598095
0.179236128926
0.179020091891
0.178803801537
0.178587198257
0.178370311856
0.178153753281
0.177937552333
0.177720829844
0.177504613996
0.177287682891
0.177071034908
0.176854476333
0.176637306809
0.176420584321
0.176203250885
0.175985991955
0.175768449903
0.175550669432
0.175332918763
0.175114974380
0.174896195531
0.174677401781
0.174458071589
0.174238145351
0.174018353224
0.173797503114
0.173576250672
0.173354387283
0.173131689429
0.172908663750
0.172684207559
0.172459259629
0.172233596444
0.172006875277
0.171778723598
0.171549618244
0.690632283688
0.564967095852
0.511019468307
0.482037127018
0.466746956110
0.459638237953
0.457097232342
0.456814885139
0.457447469234
0.458292841911
0.459029316902
0.459544062614
0.459822058678
0.459891200066
0.459790974855
0.459561854601
0.459235727787
0.458839267492
0.458393633366
0.457912921906
0.457408547401
0.456889092922
0.456359505653
0.455824196339
0.455286592245
0.454747140408
0.454208880663
0.453671574593
0.453136324883
0.452602922916
0.452072560787
0.451544255018
0.451019078493
0.450495898724
0.449975192547
0.449456751347
0.448940247297
0.448424994946
0.447912037373
0.447399854660
0.446888566017
0.446378767490
0.445868730545
0.445359915495
0.444850623608
0.444341480732
0.443831682205
0.443321347237
0.442810386419
0.442297846079
0.441784083843
0.441268950701
0.440751552582
0.440232634544
0.439711123705
0.439186900854
0.438660383224
0.438130378723
0.437597662210
0.437061250210
0.436521261930
0.435977697372
0.435429751873
0.434877991676
0.164138361812
0.117381975055
0.106663450599
0.102056965232
0.099017158151
0.096764311194
0.095074370503
0.093816593289
0.092885896564
0.092197313905
0.091687008739
0.091304495931
0.091013267636
0.090787366033
0.090608432889
0.090461507440
0.090337231755
0.090228304267
0.090128853917
0.090035751462
0.089944884181
0.089855119586
0.089764401317
0.089671149850
0.089573547244
0.089471861720
0.089363917708
0.089249894023
0.089128986001
0.089000687003
0.088864400983
0.088719740510
0.088566437364
0.088403299451
0.088230833411
0.088048085570
0.087855145335
0.087651416659
0.087436750531
0.087210491300
0.086972728372
0.086722835898
0.086461052299
0.086186513305
0.085899129510
0.085598424077
0.085284605622
0.084957078099
0.084614977241
0.084259167314
0.083888545632
0.083503171802
0.083102419972
0.082687005401
0.082254901528
0.081807270646
0.081343546510
0.080863609910
0.080366000533
0.079852029681
0.079320713878
0.078771635890
0.078204885125
0.077620610595
0.287531435490
0.229064807296
0.211549058557
0.202962547541
0.197757169604
0.194441094995
0.192306146026
0.190910011530
0.189967855811
0.189297273755
0.188787370920
0.188372522593
0.188012644649
0.187685668468
0.187378466129
0.187083065510
0.186794698238
0.186510950327
0.186230167747
0.185952186584
0.185675635934
0.185400873423
0.185127407312
0.184854671359
0.184583142400
0.184312954545
0.184043332934
0.183775216341
0.183507755399
0.183241069317
0.182975545526
0.182710722089
0.182446405292
0.182183086872
0.181920155883
0.181658208370
0.181396365166
0.181135714054
0.180874824524
0.180614724755
0.180354624987
0.180095180869
0.179835766554
0.179576992989
0.179318130016
0.179059475660
0.178800895810
0.178542375565
0.178283840418
0.178025335073
0.177767083049
0.177508369088
0.177249670029
0.176990985870
0.176732584834
0.176473900676
0.176215067506
0.175956055522
0.175696864724
0.175437331200
0.175178036094
0.174918368459
0.174658298492
0.174398094416
0.173150196671
0.127758666873
0.117879107594
0.113991066813
0.111591205001
0.109877511859
0.108618363738
0.107688114047
0.106994226575
0.106470271945
0.106066361070
0.105749323964
0.105493649840
0.105282917619
0.105104640126
0.104950472713
0.104814514518
0.104691162705
0.104577884078
0.104471758008
0.104371413589
0.104274496436
0.104180768132
0.104088261724
0.103996858001
0.103905066848
0.103812769055
0.103720262647
0.103625968099
0.103529855609
0.103431865573
0.103330984712
0.103227779269
0.103121533990
0.103012040257
0.102899059653
0.102782681584
0.102662786841
0.102538689971
0.102410927415
0.102278992534
0.102142259479
0.102001503110
0.101855948567
0.101705744863
0.101550862193
0.101391151547
0.101225927472
0.101056352258
0.100881054997
0.100700572133
0.100514456630
0.100323095918
0.100125834346
0.099922940135
0.099713847041
0.099499598145
0.099278494716
0.099050953984
0.098817065358
0.098577097058
0.098329797387
0.098075613379
0.097814723849
0.044698465616
0.031623143703
0.028859902173
0.027644652873
0.026735711843
0.025984007865
0.025381077081
0.024920750409
0.024583715945
0.024345148355
0.024180848151
0.024071414024
0.024000007659
0.023955214769
0.023928273469
0.023913610727
0.023906249553
0.023903179914
0.023903567344
0.023904550821
0.023905325681
0.023905325681
0.023904073983
0.023901063949
0.023895788938
0.023887921125
0.023877371103
0.023863900453
0.023847628385
0.023828346282
0.023805040866
0.023778844625
0.023749310523
0.023715812713
0.023678917438
0.023638356477
0.023593861610
0.023545641452
0.023493397981
0.023437011987
0.023376870900
0.023312915117
0.023244787008
0.023172128946
0.023095596582
0.023015338928
0.022930670530
0.022841352969
0.022748578340
0.022651571780
0.022549677640
0.022443730384
0.022333879024
0.022219497710
0.022101212293
0.021978486329
0.021851677448
0.021720696241
0.021585304290
0.021445978433
0.021302122623
0.021154541522
0.021002400666
0.020847130567
0.323113173246
0.256866276264
0.235434934497
0.224320814013
0.217433616519
0.213044077158
0.210267573595
0.208526074886
0.207431390882
0.206729665399
0.206260383129
0.205925986171
0.205667048693
0.205448701978
0.205250248313
0.205060377717
0.204871609807
0.204680889845
0.204486176372
0.204286679626
0.204082429409
0.203873559833
0.203660666943
0.203443408012
0.203222647309
0.202998504043
0.202772438526
0.202543467283
0.202312797308
0.202079653740
0.201845034957
0.201608836651
0.201371848583
0.201132893562
0.200893476605
0.200652465224
0.200411021709
0.200168535113
0.199924796820
0.199680805206
0.199435666203
0.199189588428
0.198943033814
0.198695629835
0.198447063565
0.198197916150
0.197948008776
0.197697147727
0.197445288301
0.197192922235
0.196939393878
0.196684986353
0.196429654956
0.196173712611
0.195916652679
0.195658519864
0.195399284363
0.195139661431
0.194878473878
0.194616451859
0.194353595376
0.194089472294
0.193824380636
0.193558186293
0.456823766232
0.375223278999
0.344848215580
0.329103350639
0.320299804211
0.315469682217
0.312917292118
0.311605989933
0.310924440622
0.310534119606
0.310256838799
0.310008525848
0.309751808643
0.309472441673
0.309170246124
0.308847546577
0.308507025242
0.308154284954
0.307791799307
0.307422339916
0.307048588991
0.306671380997
0.306292474270
0.305912226439
0.305531501770
0.305150389671
0.304769814014
0.304389476776
0.304009139538
0.303629666567
0.303250610828
0.302872180939
0.302494108677
0.302116930485
0.301739931107
0.301363497972
0.300987690687
0.300612270832
0.300237059593
0.299862414598
0.299487709999
0.299113452435
0.298739224672
0.298365175724
0.297991275787
0.297617375851
0.297243535519
0.296869456768
0.296495318413
0.296121180058
0.295747160912
0.295372188091
0.294997036457
0.294621914625
0.294246166945
0.293870329857
0.293493658304
0.293116509914
0.292738974094
0.292360782623
0.291982203722
0.291602790356
0.291222453117
0.290841221809
0.293807685375
0.236595913768
0.219506084919
0.211357116699
0.206686943769
0.203955933452
0.202390298247
0.201501071453
0.200979858637
0.200642362237
0.200387418270
0.200162559748
0.199942573905
0.199717983603
0.199485480785
0.199245601892
0.198999181390
0.198747918010
0.198493644595
0.198238164186
0.197981134057
0.197724267840
0.197467818856
0.197212487459
0.196958526969
0.196705624461
0.196454614401
0.196205198765
0.195957496762
0.195711225271
0.195466682315
0.195224419236
0.194983318448
0.194743722677
0.194505780935
0.194268926978
0.194033339620
0.193799510598
0.193567097187
0.193335309625
0.193104639649
0.192875280976
0.192646220326
0.192418739200
0.192191824317
0.191965430975
0.191739901900
0.191515058279
0.191290289164
0.191066086292
0.190842345357
0.190618753433
0.190395623446
0.190172746778
0.189950063825
0.189727365971
0.189504802227
0.189281955361
0.189059123397
0.188836827874
0.188613727689
0.188390806317
0.188167810440
0.187944516540
0.533470571041
0.440395832062
0.402021467686
0.381392300129
0.370037674904
0.364184200764
0.361480027437
0.360433101654
0.360159784555
0.360176742077
0.360246598721
0.360265612602
0.360201984644
0.360053479671
0.359831422567
0.359551250935
0.359226733446
0.358869373798
0.358487814665
0.358090817928
0.357683122158
0.357267618179
0.356847882271
0.356426000595
0.356003344059
0.355580508709
0.355159521103
0.354739308357
0.354320704937
0.353904426098
0.353490173817
0.353078424931
0.352669000626
0.352261781693
0.351856827736
0.351453781128
0.351053655148
0.350655227900
0.350259482861
0.349865555763
0.349473476410
0.349083304405
0.348694860935
0.348308980465
0.347924202681
0.347541153431
0.347159773111
0.346779465675
0.346401095390
0.346023499966
0.345647633076
0.345272541046
0.344898223877
0.344525456429
0.344153165817
0.343782424927
0.343411743641
0.343042075634
0.342672944069
0.342304229736
0.341935694218
0.341568171978
0.341200709343
0.340833246708
0.356252074242
0.294132947922
0.272709369659
0.261635631323
0.255161523819
0.251376897097
0.249227091670
0.248035445809
0.247375771403
0.246991261840
0.246738359332
0.246540114284
0.246358200908
0.246175691485
0.245985373855
0.245785728097
0.245577201247
0.245361492038
0.245140030980
0.244913324714
0.244683280587
0.244451031089
0.244217202067
0.243981942534
0.243745878339
0.243509873748
0.243273302913
0.243037328124
0.242802008986
0.242566391826
0.242331877351
0.242097839713
0.241864517331
0.241631850600
0.241399809718
0.241168662906
0.240939006209
0.240709438920
0.240480706096
0.240253165364
0.240025416017
0.239799275994
0.239573284984
0.239348664880
0.239123806357
0.238899514079
0.238675996661
0.238452240825
0.238229617476
0.238007113338
0.237784877419
0.237562790513
0.237340852618
0.237119421363
0.236897334456
0.236675694585
0.236454054713
0.236231997609
0.236009821296
0.235787615180
0.235564753413
0.235341832042
0.235119178891
0.234895005822
0.200022324920
0.150494202971
0.136712118983
0.130144819617
0.126062199473
0.123344972730
0.121508166194
0.120250001550
0.119366303086
0.118722841144
0.118231788278
0.117838755250
0.117508396506
0.117220386863
0.116960272193
0.116720452905
0.116494908929
0.116280004382
0.116073265672
0.115872427821
0.115677431226
0.115486398339
0.115298584104
0.115114256740
0.114932015538
0.114751920104
0.114573463798
0.114396587014
0.114220604300
0.114045485854
0.113870814443
0.113696679473
0.113522425294
0.113348260522
0.113173797727
0.112999305129
0.112823501229
0.112647309899
0.112470462918
0.112292006612
0.112113460898
0.111932650208
0.111751303077
0.111568048596
0.111383572221
0.111197605729
0.111009970307
0.110820695758
0.110629513860
0.110436692834
0.110242083669
0.110045388341
0.109846994281
0.109646454453
0.109444424510
0.109239920974
0.109033331275
0.108825400472
0.108614608645
0.108401849866
0.108186945319
0.107970073819
0.107751205564
0.107530161738
0.179731264710
0.136052474380
0.124949529767
0.119992747903
0.116941019893
0.114875629544
0.113438680768
0.112415686250
0.111663028598
0.111085847020
0.110622629523
0.110235825181
0.109900638461
0.109602674842
0.109331712127
0.109080806375
0.108846351504
0.108624532819
0.108413532376
0.108211591840
0.108016982675
0.107828781009
0.107646092772
0.107468023896
0.107293918729
0.107123568654
0.106956139207
0.106790617108
0.106627508998
0.106465592980
0.106304869056
0.106145396829
0.105986550450
0.105827823281
0.105669543147
0.105511173606
0.105352029204
0.105192378163
0.105031922460
0.104871079326
0.104709401727
0.104545786977
0.104381635785
0.104215905070
0.104048416018
0.103879883885
0.103708937764
0.103536650538
0.103362485766
0.103186354041
0.103008255363
0.102828159928
0.102646484971
0.102462276816
0.102275803685
0.102087512612
0.101896330714
0.101703509688
0.101507768035
0.101309940219
0.101109519601
0.100907191634
0.100701496005
0.100493863225
0.817338764668
0.679758965969
0.621371746063
0.590518593788
0.574241816998
0.566290676594
0.562843024731
0.561620712280
0.561361014843
0.561413884163
0.561479032040
0.561435937881
0.561254441738
0.560943424702
0.560525357723
0.560023486614
0.559460461140
0.558853805065
0.558216571808
0.557559072971
0.556888997555
0.556211352348
0.555530130863
0.554846942425
0.554164409637
0.553483605385
0.552804052830
0.552126944065
0.551452279091
0.550779640675
0.550109207630
0.549440681934
0.548773825169
0.548107743263
0.547443091869
0.546778976917
0.546114802361
0.545450925827
0.544786691666
0.544121325016
0.543454825878
0.542787075043
0.542117655277
0.541446208954
0.540772140026
0.540095686913
0.539416134357
0.538733541965
0.538047134876
0.537356913090
0.536662876606
0.535964369774
0.535261213779
0.534553110600
0.533840477467
0.533122360706
0.532398641109
0.531669259071
0.530934035778
0.530192494392
0.529444396496
0.528690040112
0.527928590775
0.527160227299
0.080880060792
0.051016110927
0.044336039573
0.041511017829
0.039641696960
0.038235235959
0.037160921842
0.036344993860
0.035728354007
0.035261590034
0.034905869514
0.034631002694
0.034415442497
0.034242618829
0.034100729972
0.033981192857
0.033877659589
0.033785689622
0.033701915294
0.033623922616
0.033549237996
0.033477205783
0.033405769616
0.033334214240
0.033261943609
0.033187616616
0.033111769706
0.033033598214
0.032951969653
0.032867569476
0.032779294997
0.032687205821
0.032591450959
0.032491374761
0.032386679202
0.032277870923
0.032164264470
0.032046485692
0.031923849136
0.031797099859
0.031664747745
0.031528640538
0.031386870891
0.031240988523
0.031090427190
0.030935246497
0.030774850398
0.030610073358
0.030441332608
0.030268032104
0.030090052634
0.029907632619
0.029720921069
0.029530216008
0.029334831983
0.029135722667
0.028932649642
0.028725791723
0.028514433652
0.028299499303
0.028081018478
0.027858812362
0.027632910758
0.027403492481
0.515386044979
0.425346463919
0.387067675591
0.365949928761
0.353904426098
0.347305297852
0.343901365995
0.342261016369
0.341519713402
0.341189920902
0.341017842293
0.340879112482
0.340722620487
0.340530425310
0.340301007032
0.340039730072
0.339752852917
0.339447468519
0.339127868414
0.338799118996
0.338463723660
0.338124871254
0.337783098221
0.337441027164
0.337098121643
0.336756229401
0.336415052414
0.336075067520
0.335736691952
0.335399568081
0.335064232349
0.334730505943
0.334398597479
0.334068506956
0.333739757538
0.333413094282
0.333088278770
0.332765042782
0.332443207502
0.332122981548
0.331804156303
0.331487178802
0.331171691418
0.330857038498
0.330544769764
0.330232650042
0.329922497272
0.329612940550
0.329304695129
0.328997433186
0.328690707684
0.328385263681
0.328080028296
0.327776074409
0.327471733093
0.327168941498
0.326866030693
0.326563835144
0.326261401176
0.325959801674
0.325657486916
0.325355648994
0.325053721666
0.324751347303
0.214846059680
0.157010719180
0.144784554839
0.140463426709
0.138138100505
0.136680021882
0.135726585984
0.135084703565
0.134634301066
0.134297475219
0.134029105306
0.133802071214
0.133600547910
0.133415654302
0.133242234588
0.133076921105
0.132918372750
0.132764354348
0.132614210248
0.132467105985
0.132323130965
0.132180735469
0.132039949298
0.131900325418
0.131761446595
0.131623581052
0.131485179067
0.131346657872
0.131208047271
0.131068453193
0.130928114057
0.130786940455
0.130644157529
0.130499288440
0.130353316665
0.130205407739
0.130054876208
0.129902407527
0.129747018218
0.129589155316
0.129428222775
0.129264280200
0.129097208381
0.128926530480
0.128752246499
0.128573969007
0.128392174840
0.128205671906
0.128014907241
0.127819612622
0.127619698644
0.127414271235
0.127204075456
0.126987829804
0.126766279340
0.126538828015
0.126304969192
0.126064494252
0.125817194581
0.125563040376
0.125301524997
0.125032141805
0.124754652381
0.124468967319
0.332278013229
0.269571065903
0.249532565475
0.239555999637
0.233745023608
0.230318114161
0.228334888816
0.227194979787
0.226517722011
0.226076588035
0.225745990872
0.225458368659
0.225182667375
0.224904999137
0.224620953202
0.224329993129
0.224033623934
0.223732769489
0.223429739475
0.223125517368
0.222821533680
0.222518473864
0.222217306495
0.221918389201
0.221621781588
0.221328228712
0.221037581563
0.220749795437
0.220464959741
0.220183655620
0.219905495644
0.219629958272
0.219357773662
0.219088345766
0.218821480870
0.218557462096
0.218296155334
0.218037500978
0.217780888081
0.217526793480
0.217274993658
0.217024698853
0.216777414083
0.216531202197
0.216287195683
0.216044470668
0.215804025531
0.215564206243
0.215326726437
0.215089976788
0.214854598045
0.214620441198
0.214387342334
0.214155107737
0.213924258947
0.213693425059
0.213463634253
0.213234633207
0.213006347418
0.212778791785
0.212551444769
0.212324947119
0.212098717690
0.211872622371
0.298589706421
0.228525862098
0.209410548210
0.200820237398
0.195912927389
0.192981854081
0.191235736012
0.190184935927
0.189518824220
0.189052149653
0.188682362437
0.188355892897
0.188048496842
0.187748596072
0.187453597784
0.187161743641
0.186874479055
0.186591878533
0.186314716935
0.186043903232
0.185779288411
0.185521230102
0.185269907117
0.185025095940
0.184786468744
0.184553906322
0.184327185154
0.184106141329
0.183890089393
0.183679267764
0.183473512530
0.183271363378
0.183074340224
0.182880789042
0.182691201568
0.182504698634
0.182321518660
0.182141393423
0.181963473558
0.181789010763
0.181616425514
0.181446313858
0.181277722120
0.181111320853
0.180945977569
0.180782526731
0.180620238185
0.180459156632
0.180299311876
0.180140301585
0.179981246591
0.179823234677
0.179666012526
0.179508924484
0.179352119565
0.179194688797
0.179037794471
0.178879991174
0.178722232580
0.178564131260
0.178405061364
0.178244814277
0.178083926439
0.177922129631
0.321840792894
0.260251879692
0.240521237254
0.230440959334
0.224246785045
0.220272496343
0.217690005898
0.215981572866
0.214815616608
0.213980332017
0.213345780969
0.212833285332
0.212395951152
0.212004244328
0.211641877890
0.211298137903
0.210966944695
0.210643991828
0.210327446461
0.210015073419
0.209706261754
0.209400147200
0.209096461535
0.208794668317
0.208494782448
0.208196446300
0.207899570465
0.207603603601
0.207308962941
0.207015529275
0.206723362207
0.206431999803
0.206141680479
0.205852583051
0.205563828349
0.205275744200
0.204988181591
0.204701974988
0.204415559769
0.204129755497
0.203844636679
0.203560039401
0.203275486827
0.202991396189
0.202707514167
0.202423855662
0.202140241861
0.201857104897
0.201573640108
0.201290398836
0.201007485390
0.200724318624
0.200441360474
0.200157970190
0.199875324965
0.199592068791
0.199308514595
0.199025258422
0.198741883039
0.198458433151
0.198174461722
0.197890296578
0.197606623173
0.197322309017
0.694355905056
0.578326106071
0.530107855797
0.505478918552
0.493208765984
0.487848281860
0.486078023911
0.485943913460
0.486390471458
0.486904382706
0.487270891666
0.487427055836
0.487378180027
0.487155199051
0.486794173717
0.486328959465
0.485786736012
0.485189378262
0.484553098679
0.483888924122
0.483206212521
0.482510805130
0.481807291508
0.481098353863
0.480386078358
0.479671537876
0.478955924511
0.478240072727
0.477523863316
0.476807475090
0.476091325283
0.475375711918
0.474659860134
0.473943769932
0.473227441311
0.472510814667
0.471793889999
0.471076428890
0.470358312130
0.469638973475
0.468919008970
0.468197941780
0.467475593090
0.466751754284
0.466026484966
0.465299695730
0.464571356773
0.463841229677
0.463109135628
0.462374985218
0.461639046669
0.460901081562
0.460160076618
0.459417581558
0.458672225475
0.457924365997
0.457174241543
0.456421315670
0.455665946007
0.454907417297
0.454146385193
0.453382521868
0.452615499496
0.451845705509
0.607548713684
0.499520957470
0.454070240259
0.429584413767
0.416393429041
0.409975886345
0.407403290272
0.406791806221
0.407026976347
0.407513529062
0.407968223095
0.408281266689
0.408428132534
0.408422917128
0.408290743828
0.408059984446
0.407754421234
0.407394111156
0.406994551420
0.406566411257
0.406119883060
0.405660390854
0.405192077160
0.404719293118
0.404243528843
0.403767645359
0.403292059898
0.402817487717
0.402345061302
0.401875376701
0.401408135891
0.400943279266
0.400481462479
0.400022804737
0.399566978216
0.399114161730
0.398663282394
0.398216009140
0.397771239281
0.397328495979
0.396888375282
0.396450191736
0.396014630795
0.395580172539
0.395148038864
0.394717156887
0.394287765026
0.393860012293
0.393433392048
0.393007278442
0.392582654953
0.392158329487
0.391735017300
0.391312122345
0.390889406204
0.390466898680
0.390044569969
0.389622300863
0.389199137688
0.388776421547
0.388352811337
0.387929260731
0.387504816055
0.387079656124
0.186252132058
0.141780838370
0.128146961331
0.121106997132
0.116561844945
0.113471522927
0.111346289515
0.109868720174
0.108822956681
0.108061954379
0.107491418719
0.107048735023
0.106695130467
0.106403604150
0.106157824397
0.105945244431
0.105758354068
0.105591848493
0.105441227555
0.105303540826
0.105175957084
0.105056688190
0.104945197701
0.104839280248
0.104738608003
0.104641631246
0.104547485709
0.104456081986
0.104365870357
0.104277029634
0.104188635945
0.104100540280
0.104011610150
0.103922113776
0.103831484914
0.103738680482
0.103644087911
0.103547468781
0.103447839618
0.103345796466
0.103240057826
0.103130951524
0.103018179536
0.102901682258
0.102781280875
0.102656319737
0.102526471019
0.102392360568
0.102253690362
0.102109804749
0.101960733533
0.101806238294
0.101646140218
0.101480856538
0.101309970021
0.101132914424
0.100949957967
0.100761100650
0.100565150380
0.100363656878
0.100154861808
0.099940255284
0.099718347192
0.099489614367
0.125947222114
0.089729949832
0.079772725701
0.074903830886
0.071728035808
0.069503560662
0.067928716540
0.066810145974
0.066010698676
0.065432056785
0.065005436540
0.064684763551
0.064437881112
0.064243867993
0.064086928964
0.063957437873
0.063847318292
0.063752576709
0.063668325543
0.063592448831
0.063522800803
0.063457623124
0.063395693898
0.063335821033
0.063277527690
0.063219383359
0.063161447644
0.063102796674
0.063043281436
0.062981829047
0.062919035554
0.062854245305
0.062786385417
0.062716260552
0.062643036246
0.062566235662
0.062486607581
0.062403161079
0.062315870076
0.062224615365
0.062129754573
0.062030572444
0.061927337199
0.061820019037
0.061708141118
0.061592001468
0.061471719295
0.061347026378
0.061217088252
0.061083484441
0.060944963247
0.060801733285
0.060654241592
0.060502279550
0.060345340520
0.060184378177
0.060018826276
0.059848386794
0.059673655778
0.059494692832
0.059311050922
0.059122819453
0.058930415660
0.058733362705
0.230478927493
0.176773190498
0.162953659892
0.157007709146
0.153638735414
0.151594370604
0.150336235762
0.149542480707
0.149010449648
0.148619666696
0.148300871253
0.148019239306
0.147756367922
0.147503629327
0.147258445621
0.147019028664
0.146784439683
0.146555513144
0.146331399679
0.146112501621
0.145898282528
0.145689383149
0.145484864712
0.145284324884
0.145088344812
0.144896119833
0.144707277417
0.144521400332
0.144338861108
0.144158542156
0.143980205059
0.143804609776
0.143630281091
0.143457382917
0.143285781145
0.143115550280
0.142945438623
0.142776742578
0.142608419061
0.142439946532
0.142271727324
0.142103537917
0.141934633255
0.141765266657
0.141595289111
0.141424432397
0.141253128648
0.141080439091
0.140906676650
0.140731573105
0.140554890037
0.140376850963
0.140196800232
0.140014812350
0.139830976725
0.139645025134
0.139456853271
0.139266267419
0.139073476195
0.138877257705
0.138679116964
0.138477876782
0.138273701072
0.138065859675
0.202095791698
0.155061796308
0.144284471869
0.140098586679
0.137787714601
0.136361196637
0.135454580188
0.134860470891
0.134448274970
0.134138271213
0.133885577321
0.133662626147
0.133457466960
0.133262500167
0.133074179292
0.132891640067
0.132713541389
0.132539436221
0.132369056344
0.132201805711
0.132037892938
0.131877049804
0.131718978286
0.131563201547
0.131409212947
0.131257548928
0.131107673049
0.130959317088
0.130811914802
0.130665883422
0.130520597100
0.130376115441
0.130231961608
0.130088135600
0.129944697022
0.129801109433
0.129657611251
0.129513904452
0.129369720817
0.129225209355
0.129080280662
0.128934875131
0.128788337111
0.128640815616
0.128492668271
0.128343746066
0.128193184733
0.128041848540
0.127888754010
0.127734467387
0.127579107881
0.127422049642
0.127262994647
0.127102658153
0.126940384507
0.126776352525
0.126610502601
0.126442685723
0.126272633672
0.126100435853
0.125925824046
0.125749334693
0.125569984317
0.125388309360
0.521490037441
0.427126377821
0.388024240732
0.366669923067
0.354643583298
0.348265200853
0.345212161541
0.343973994255
0.343625843525
0.343648344278
0.343772500753
0.343876391649
0.343913912773
0.343876123428
0.343770354986
0.343608915806
0.343404233456
0.343168258667
0.342908442020
0.342632770538
0.342346072197
0.342052400112
0.341753959656
0.341453552246
0.341152667999
0.340851664543
0.340552091599
0.340254127979
0.339957952499
0.339664876461
0.339373737574
0.339085936546
0.338799893856
0.338517427444
0.338237583637
0.337960600853
0.337686181068
0.337414652109
0.337145805359
0.336879104376
0.336615562439
0.336353719234
0.336094439030
0.335837244987
0.335582077503
0.335329324007
0.335077643394
0.334828317165
0.334580272436
0.334333777428
0.334088683128
0.333844602108
0.333602041006
0.333359837532
0.333118736744
0.332878649235
0.332638740540
0.332399308681
0.332160472870
0.331921696663
0.331682562828
0.331443935633
0.331204593182
0.330965459347
0.149668887258
0.109256699681
0.099984899163
0.095943436027
0.093242004514
0.091216847301
0.089680716395
0.088523283601
0.087654665112
0.087003156543
0.086511358619
0.086137369275
0.085848316550
0.085621640086
0.085441008210
0.085293486714
0.085170969367
0.085066035390
0.084974244237
0.084892049432
0.084816083312
0.084744796157
0.084675803781
0.084608837962
0.084541961551
0.084474936128
0.084405854344
0.084335371852
0.084262326360
0.084186002612
0.084107145667
0.084024116397
0.083937481046
0.083846405149
0.083750560880
0.083651110530
0.083546295762
0.083436802030
0.083321705461
0.083202466369
0.083077237010
0.082947030663
0.082811370492
0.082669869065
0.082523450255
0.082371041179
0.082213267684
0.082049235702
0.081880316138
0.081704750657
0.081524237990
0.081337407231
0.081144765019
0.080946460366
0.080742284656
0.080531850457
0.080315724015
0.080093011260
0.079864904284
0.079630061984
0.079389557242
0.079142346978
0.078889265656
0.078629955649
0.692805409431
0.572393119335
0.520149350166
0.492325246334
0.477843761444
0.471164584160
0.468742460012
0.468381047249
0.468836843967
0.469473779202
0.470007479191
0.470338702202
0.470457971096
0.470391750336
0.470175921917
0.469845712185
0.469430506229
0.468954473734
0.468435257673
0.467885553837
0.467316329479
0.466733276844
0.466142117977
0.465545356274
0.464946210384
0.464345991611
0.463746011257
0.463146716356
0.462548315525
0.461951315403
0.461355805397
0.460761725903
0.460169434547
0.459577828646
0.458988010883
0.458398997784
0.457811057568
0.457223832607
0.456637024879
0.456050992012
0.455464869738
0.454878628254
0.454292833805
0.453706920147
0.453119605780
0.452532529831
0.451943933964
0.451354920864
0.450764417648
0.450172990561
0.449580311775
0.448985517025
0.448389410973
0.447790682316
0.447190374136
0.446588009596
0.445982873440
0.445375889540
0.444765686989
0.444153100252
0.443537235260
0.442918241024
0.442296564579
0.441671282053
0.808974504471
0.669378697872
0.609351158142
0.577349483967
0.560447871685
0.552295267582
0.548912823200
0.547885119915
0.547855138779
0.548125982285
0.548375487328
0.548480451107
0.548413693905
0.548190653324
0.547839105129
0.547389209270
0.546865701675
0.546291172504
0.545680761337
0.545046687126
0.544397354126
0.543738663197
0.543075859547
0.542410790920
0.541746437550
0.541083753109
0.540422260761
0.539764940739
0.539109408855
0.538457214832
0.537807166576
0.537159621716
0.536514699459
0.535871088505
0.535228788853
0.534588098526
0.533947527409
0.533307433128
0.532667756081
0.532027244568
0.531385779381
0.530743002892
0.530099153519
0.529452800751
0.528804659843
0.528154432774
0.527500391006
0.526843249798
0.526182711124
0.525518715382
0.524849832058
0.524176478386
0.523498713970
0.522815525532
0.522127151489
0.521432518959
0.520732700825
0.520026028156
0.519313156605
0.518593311310
0.517866432667
0.517131745815
0.516390025616
0.515640079975
0.152619168162
0.112223133445
0.100012525916
0.093719109893
0.089628115296
0.086825951934
0.084893032908
0.083555147052
0.082620635629
0.081957444549
0.081476047635
0.081117436290
0.080843016505
0.080627486110
0.080452516675
0.080307289958
0.080183818936
0.080075934529
0.079980626702
0.079894497991
0.079815372825
0.079741999507
0.079672142863
0.079606100917
0.079542055726
0.079479500651
0.079418554902
0.079357162118
0.079296037555
0.079234346747
0.079171463847
0.079107150435
0.079041406512
0.078974023461
0.078903689981
0.078831210732
0.078755781054
0.078677520156
0.078596189618
0.078511372209
0.078423067927
0.078330799937
0.078234985471
0.078135237098
0.078031226993
0.077923402190
0.077811196446
0.077695026994
0.077574118972
0.077448651195
0.077319130301
0.077184811234
0.077045843005
0.076902344823
0.076754406095
0.076601460576
0.076444134116
0.076281979680
0.076114907861
0.075943097472
0.075766846538
0.075585499406
0.075399085879
0.075207844377
0.343099415302
0.275904059410
0.255045890808
0.244943782687
0.239225134254
0.235995307565
0.234250709414
0.233348414302
0.232881769538
0.232614979148
0.232419416308
0.232235983014
0.232038185000
0.231818482280
0.231578871608
0.231321796775
0.231053128839
0.230776235461
0.230494484305
0.230210348964
0.229926332831
0.229643538594
0.229363039136
0.229085311294
0.228811904788
0.228542730212
0.228277489543
0.228016600013
0.227760240436
0.227508112788
0.227261051536
0.227018222213
0.226779326797
0.226545378566
0.226315185428
0.226089164615
0.225866958499
0.225648865104
0.225433990359
0.225223049521
0.225015357137
0.224810555577
0.224609419703
0.224411353469
0.224216386676
0.224023923278
0.223834633827
0.223647505045
0.223462924361
0.223281040788
0.223101556301
0.222924023867
0.222748383880
0.222574993968
0.222403645515
0.222234085202
0.222066432238
0.221900448203
0.221736252308
0.221573486924
0.221412241459
0.221252560616
0.221094354987
0.220937326550
0.133192583919
0.091797813773
0.081399604678
0.076700732112
0.073705419898
0.071598306298
0.070081606507
0.068977221847
0.068158730865
0.067537143826
0.067051634192
0.066659852862
0.066334113479
0.066055253148
0.065810605884
0.065591380000
0.065391018987
0.065205320716
0.065031185746
0.064865812659
0.064707383513
0.064554706216
0.064406767488
0.064262047410
0.064120575786
0.063981309533
0.063843086362
0.063706085086
0.063569650054
0.063433691859
0.063296899199
0.063160106540
0.063022211194
0.062883600593
0.062743499875
0.062602117658
0.062459040433
0.062314350158
0.062167126685
0.062017966062
0.061867106706
0.061713624746
0.061557728797
0.061399687082
0.061238665134
0.061075765640
0.060910094529
0.060741830617
0.060570497066
0.060396958143
0.060220409185
0.060041744262
0.059860099107
0.059675622731
0.059488493949
0.059299249202
0.059107143432
0.058912117034
0.058714974672
0.058514703065
0.058311898261
0.058106888086
0.057899255306
0.057689297944
0.361392557621
0.290027052164
0.265942454338
0.253172785044
0.245236620307
0.240198060870
0.237034603953
0.235076054931
0.233871236444
0.233125910163
0.232654199004
0.232341066003
0.232117488980
0.231941476464
0.231788620353
0.231644943357
0.231502160430
0.231356367469
0.231204316020
0.231045529246
0.230880603194
0.230709180236
0.230531558394
0.230348393321
0.230160072446
0.229967579246
0.229771688581
0.229571804404
0.229369118810
0.229163929820
0.228956028819
0.228746339679
0.228534355760
0.228320971131
0.228106155992
0.227889940143
0.227672502398
0.227453097701
0.227233335376
0.227012977004
0.226791068912
0.226568683982
0.226345077157
0.226120218635
0.225895032287
0.225668951869
0.225441709161
0.225213930011
0.224985554814
0.224755808711
0.224525615573
0.224294558167
0.224062621593
0.223829567432
0.223595991731
0.223361492157
0.223125755787
0.222889319062
0.222651839256
0.222413524985
0.222174435854
0.221934422851
0.221693307161
0.221451133490
0.250202089548
0.199673324823
0.185923874378
0.179774060845
0.176309421659
0.174273997545
0.173089534044
0.172399789095
0.171981260180
0.171699911356
0.171480879188
0.171286299825
0.171096265316
0.170903772116
0.170705690980
0.170501887798
0.170294255018
0.170082747936
0.169868454337
0.169652804732
0.169436126947
0.169219136238
0.169001549482
0.168784573674
0.168567627668
0.168351396918
0.168135523796
0.167920306325
0.167705535889
0.167491659522
0.167278379202
0.167065709829
0.166853621602
0.166641920805
0.166430860758
0.166220590472
0.166010603309
0.165801003575
0.165591597557
0.165382862091
0.165174424648
0.164966434240
0.164758160710
0.164550229907
0.164342597127
0.164135321975
0.163927584887
0.163720682263
0.163513109088
0.163305625319
0.163098588586
0.162891358137
0.162683784962
0.162476241589
0.162268429995
0.162060543895
0.161852747202
0.161644533277
0.161435708404
0.161227062345
0.161017969251
0.160808056593
0.160598561168
0.160388261080
0.311199188232
0.255166888237
0.237078353763
0.227933749557
0.222494676709
0.219182536006
0.217177584767
0.215959116817
0.215195268393
0.214683309197
0.214304566383
0.213993743062
0.213714912534
0.213449448347
0.213188767433
0.212928697467
0.212667629123
0.212405145168
0.212140321732
0.211874589324
0.211607649922
0.211339443922
0.211071148515
0.210801720619
0.210532471538
0.210263282061
0.209993764758
0.209724500775
0.209455236793
0.209186002612
0.208917409182
0.208648785949
0.208380252123
0.208111882210
0.207843959332
0.207576289773
0.207309186459
0.207041919231
0.206774890423
0.206508055329
0.206241488457
0.205975189805
0.205708891153
0.205442771316
0.205176398158
0.204910278320
0.204644441605
0.204378500581
0.204112619162
0.203845992684
0.203579977155
0.203313589096
0.203047052026
0.202780470252
0.202513813972
0.202246695757
0.201979249716
0.201711505651
0.201443895698
0.201175630093
0.200907260180
0.200638860464
0.200368940830
0.200099527836
0.576527178288
0.477679848671
0.438424408436
0.418539226055
0.408514142036
0.404037237167
0.402501523495
0.402344226837
0.402699977160
0.403137564659
0.403471022844
0.403641104698
0.403646886349
0.403511255980
0.403261780739
0.402925074100
0.402523517609
0.402074575424
0.401590913534
0.401082754135
0.400556713343
0.400018751621
0.399471938610
0.398918926716
0.398362576962
0.397803127766
0.397241532803
0.396678775549
0.396115869284
0.395552426577
0.394988477230
0.394424587488
0.393860906363
0.393296957016
0.392733216286
0.392169237137
0.391605973244
0.391042232513
0.390478849411
0.389915406704
0.389351904392
0.388788342476
0.388224720955
0.387660413980
0.387096166611
0.386531621218
0.385967135429
0.385401844978
0.384836494923
0.384270787239
0.383703947067
0.383137583733
0.382569611073
0.382001698017
0.381432980299
0.380864143372
0.380294203758
0.379723310471
0.379152178764
0.378579974174
0.378006815910
0.377433419228
0.376858830452
0.376282989979
0.148722007871
0.105908468366
0.096442028880
0.092416897416
0.089695557952
0.087617561221
0.086021199822
0.084814354777
0.083913698792
0.083249881864
0.082764282823
0.082409754395
0.082151636481
0.081963792443
0.081826969981
0.081726536155
0.081652268767
0.081596896052
0.081554546952
0.081520691514
0.081492587924
0.081467673182
0.081443116069
0.081419393420
0.081393077970
0.081364914775
0.081333473325
0.081298038363
0.081258282065
0.081214264035
0.081164285541
0.081108763814
0.081047788262
0.080980792642
0.080907449126
0.080827847123
0.080741688609
0.080648764968
0.080549761653
0.080443367362
0.080330088735
0.080209955573
0.080082699656
0.079948410392
0.079807236791
0.079658702016
0.079503133893
0.079340294003
0.079170480371
0.078993126750
0.078808471560
0.078616574407
0.078417286277
0.078210815787
0.077996566892
0.077775314450
0.077546223998
0.077309653163
0.077065363526
0.076813474298
0.076554223895
0.076286956668
0.076011851430
0.075728788972
0.207104951143
0.156421557069
0.140331849456
0.131856426597
0.126383438706
0.122706457973
0.120239153504
0.118589356542
0.117480888963
0.116724804044
0.116194620728
0.115808501840
0.115514144301
0.115276619792
0.115075424314
0.114896133542
0.114729836583
0.114571437240
0.114416792989
0.114264026284
0.114111796021
0.113958880305
0.113805249333
0.113649651408
0.113491520286
0.113332435489
0.113170221448
0.113006040454
0.112838879228
0.112669602036
0.112497165799
0.112321898341
0.112144425511
0.111963555217
0.111779227853
0.111592397094
0.111401423812
0.111207231879
0.111010268331
0.110808983445
0.110604301095
0.110396012664
0.110183611512
0.109967783093
0.109747573733
0.109524056315
0.109296008945
0.109064355493
0.108828261495
0.108588024974
0.108343765140
0.108095660806
0.107842430472
0.107585564256
0.107324138284
0.107058778405
0.106788888574
0.106514587998
0.106235757470
0.105952426791
0.105664655566
0.105372622609
0.105075702071
0.104774907231
0.150331810117
0.103980228305
0.092681780457
0.087723389268
0.084583774209
0.082360103726
0.080739781260
0.079539671540
0.078631982207
0.077927365899
0.077362522483
0.076896056533
0.076499715447
0.076153352857
0.075844332576
0.075564041734
0.075305894017
0.075065210462
0.074838921428
0.074624285102
0.074419453740
0.074223026633
0.074033871293
0.073850706220
0.073672547936
0.073499068618
0.073328867555
0.073162421584
0.072998300195
0.072836831212
0.072676673532
0.072518303990
0.072361156344
0.072204872966
0.072048828006
0.071893349290
0.071737632155
0.071582481265
0.071426615119
0.071270540357
0.071113750339
0.070956841111
0.070798620582
0.070640131831
0.070480361581
0.070319548249
0.070157930255
0.069994971156
0.069830819964
0.069666102529
0.069499775767
0.069332286716
0.069163814187
0.068993881345
0.068822816014
0.068650618196
0.068476870656
0.068302169442
0.068126305938
0.067949518561
0.067771002650
0.067591682076
0.067410841584
0.067229196429
0.154423400760
0.114859148860
0.105400279164
0.101207658648
0.098469182849
0.096475258470
0.094993099570
0.093885079026
0.093047723174
0.092405363917
0.091902151704
0.091499283910
0.091168656945
0.090891107917
0.090652570128
0.090444013476
0.090257808566
0.090088024735
0.089931920171
0.089785799384
0.089648470283
0.089516207576
0.089389428496
0.089265897870
0.089144870639
0.089025750756
0.088907495141
0.088789686561
0.088672265410
0.088553741574
0.088434621692
0.088313892484
0.088191702962
0.088067665696
0.087941274047
0.087812766433
0.087681934237
0.087548032403
0.087411060929
0.087271228433
0.087128117681
0.086981490254
0.086831793189
0.086678341031
0.086521491408
0.086361333728
0.086196765304
0.086029335856
0.085857704282
0.085682645440
0.085503056645
0.085319533944
0.085132434964
0.084941402078
0.084745630622
0.084546223283
0.084342971444
0.084135636687
0.083923801780
0.083708330989
0.083488300443
0.083264157176
0.083035513759
0.082803055644
0.410987466574
0.339489758015
0.312751591206
0.298436164856
0.290010333061
0.285072147846
0.282241404057
0.280637741089
0.279713928699
0.279146134853
0.278753221035
0.278439223766
0.278154909611
0.277877956629
0.277598857880
0.277314901352
0.277025401592
0.276732146740
0.276435136795
0.276136755943
0.275837749243
0.275538682938
0.275240361691
0.274943053722
0.274647802114
0.274354875088
0.274063467979
0.273774623871
0.273487567902
0.273203164339
0.272921055555
0.272641837597
0.272364437580
0.272089779377
0.271817386150
0.271547079086
0.271279126406
0.271013081074
0.270749211311
0.270487487316
0.270227551460
0.269969791174
0.269713521004
0.269458889961
0.269206285477
0.268955230713
0.268705070019
0.268456965685
0.268209934235
0.267963856459
0.267719447613
0.267475664616
0.267233163118
0.266991227865
0.266750454903
0.266510307789
0.266270697117
0.266031682491
0.265793710947
0.265555858612
0.265318393707
0.265081375837
0.264844536781
0.264607906342
0.387614339590
0.309896647930
0.285057604313
0.272860258818
0.265969276428
0.262127399445
0.260104954243
0.259105384350
0.258627057076
0.258378982544
0.258206248283
0.258035600185
0.257839381695
0.257610857487
0.257352977991
0.257071286440
0.256772667170
0.256463944912
0.256148189306
0.255830228329
0.255512118340
0.255196541548
0.254884183407
0.254576146603
0.254274219275
0.253977328539
0.253687620163
0.253403723240
0.253126621246
0.252855658531
0.252591341734
0.252333164215
0.252081215382
0.251835525036
0.251595556736
0.251361489296
0.251133799553
0.250911206007
0.250693976879
0.250482141972
0.250275313854
0.250073671341
0.249876424670
0.249684080482
0.249496176839
0.249312445521
0.249133244157
0.248958155513
0.248786553741
0.248619064689
0.248454794288
0.248294219375
0.248137399554
0.247983649373
0.247832968831
0.247685715556
0.247541382909
0.247399672866
0.247260794044
0.247124716640
0.246991381049
0.246860668063
0.246732130647
0.246606066823
0.237917825580
0.179460823536
0.165395408869
0.159726604819
0.156604319811
0.154734060168
0.153596192598
0.152888879180
0.152421727777
0.152082160115
0.151805505157
0.151559874415
0.151328414679
0.151103943586
0.150883868337
0.150666564703
0.150452747941
0.150242194533
0.150034815073
0.149830698967
0.149630084634
0.149433612823
0.149239704013
0.149048894644
0.148861333728
0.148675978184
0.148492977023
0.148312494159
0.148133903742
0.147957012057
0.147781655192
0.147607475519
0.147434040904
0.147261396050
0.147089883685
0.146918222308
0.146746754646
0.146575808525
0.146404504776
0.146232485771
0.146060213447
0.145887359977
0.145713731647
0.145538941026
0.145362988114
0.145186007023
0.145007207990
0.144827067852
0.144645109773
0.144460871816
0.144274979830
0.144087105989
0.143896535039
0.143703311682
0.143507480621
0.143308907747
0.143107593060
0.142902538180
0.142694860697
0.142482817173
0.142267525196
0.142048388720
0.141825214028
0.141597494483
0.343699276447
0.282511651516
0.262272298336
0.252054095268
0.246150091290
0.242745533586
0.240856274962
0.239849671721
0.239324674010
0.239041015506
0.238865420222
0.238728567958
0.238596007228
0.238454684615
0.238299503922
0.238130733371
0.237949773669
0.237758830190
0.237560316920
0.237355962396
0.237146809697
0.236934468150
0.236719116569
0.236502096057
0.236284211278
0.236065402627
0.235845848918
0.235626235604
0.235406264663
0.235186651349
0.234967485070
0.234747961164
0.234529599547
0.234311178327
0.234093442559
0.233876094222
0.233659610152
0.233443215489
0.233227714896
0.233012422919
0.232797965407
0.232584133744
0.232370123267
0.232156947255
0.231944039464
0.231731578708
0.231519803405
0.231307432055
0.231096073985
0.230884566903
0.230673357844
0.230462536216
0.230251416564
0.230039760470
0.229828581214
0.229617372155
0.229406014085
0.229194387794
0.228982493281
0.228770479560
0.228558227420
0.228345230222
0.228132113814
0.227918609977
0.421631067991
0.344400793314
0.316809624434
0.302558541298
0.294371187687
0.289646953344
0.286954879761
0.285419255495
0.284514278173
0.283937394619
0.283522367477
0.283180177212
0.282866895199
0.282561063766
0.282253086567
0.281940817833
0.281622767448
0.281299144030
0.280971586704
0.280640542507
0.280307441950
0.279972106218
0.279635876417
0.279298812151
0.278961062431
0.278622955084
0.278284847736
0.277946114540
0.277607858181
0.277269244194
0.276930630207
0.276592016220
0.276253879070
0.275914907455
0.275576412678
0.275237798691
0.274898678064
0.274559915066
0.274220705032
0.273881345987
0.273541867733
0.273201286793
0.272860884666
0.272519975901
0.272178590298
0.271837115288
0.271494567394
0.271151840687
0.270808041096
0.270463645458
0.270118594170
0.269773006439
0.269426524639
0.269078850746
0.268730759621
0.268381655216
0.268031418324
0.267680168152
0.267328083515
0.266974925995
0.266620576382
0.266265273094
0.265908420086
0.265550851822
0.716394603252
0.597146570683
0.547412693501
0.521951735020
0.509207904339
0.503561735153
0.501603901386
0.501335442066
0.501680731773
0.502112865448
0.502413153648
0.502512872219
0.502415001392
0.502148330212
0.501748085022
0.501246571541
0.500670075417
0.500041186810
0.499373972416
0.498680949211
0.497970879078
0.497248113155
0.496518790722
0.495784044266
0.495047271252
0.494308173656
0.493568718433
0.492829263210
0.492090284824
0.491350710392
0.490611732006
0.489873051643
0.489134073257
0.488395333290
0.487656354904
0.486916899681
0.486176609993
0.485435962677
0.484694421291
0.483951628208
0.483208000660
0.482462823391
0.481716275215
0.480967998505
0.480217933655
0.479466140270
0.478712081909
0.477955698967
0.477197468281
0.476436495781
0.475673377514
0.474907219410
0.474139153957
0.473368227482
0.472593963146
0.471816956997
0.471036672592
0.470254063606
0.469467461109
0.468677997589
0.467885255814
0.467089056969
0.466289401054
0.465486228466
0.226988747716
0.175320863724
0.160502031446
0.153451278806
0.149217262864
0.146528869867
0.144796371460
0.143652200699
0.142861142755
0.142277374864
0.141814157367
0.141422659159
0.141076177359
0.140759184957
0.140463158488
0.140183269978
0.139917045832
0.139662206173
0.139417365193
0.139181464911
0.138954311609
0.138734355569
0.138521641493
0.138315111399
0.138114556670
0.137918889523
0.137728631496
0.137541443110
0.137358888984
0.137179821730
0.137003511190
0.136829450727
0.136657699943
0.136488273740
0.136319771409
0.136152863503
0.135986670852
0.135821431875
0.135656282306
0.135491386056
0.135325893760
0.135160729289
0.134995132685
0.134828567505
0.134660899639
0.134492710233
0.134322792292
0.134151488543
0.133978664875
0.133804127574
0.133627668023
0.133448660374
0.133268475533
0.133085414767
0.132900148630
0.132711961865
0.132521495223
0.132327929139
0.132131472230
0.131931632757
0.131728813052
0.131523326039
0.131313651800
0.131100863218
0.305285155773
0.245909467340
0.228406593204
0.220153316855
0.215477615595
0.212798818946
0.211318939924
0.210531368852
0.210113525391
0.209874674678
0.209709003568
0.209564238787
0.209415227175
0.209253609180
0.209077641368
0.208888649940
0.208689227700
0.208481669426
0.208268225193
0.208050698042
0.207830086350
0.207607805729
0.207384437323
0.207161337137
0.206937819719
0.206714034081
0.206491783261
0.206270202994
0.206049397588
0.205829545856
0.205611154437
0.205393359065
0.205176576972
0.204961538315
0.204746946692
0.204533502460
0.204321593046
0.204110100865
0.203899651766
0.203690171242
0.203481689095
0.203274130821
0.203067287803
0.202861383557
0.202655792236
0.202451273799
0.202246442437
0.202042773366
0.201840087771
0.201637104154
0.201435253024
0.201233074069
0.201031804085
0.200830757618
0.200629845262
0.200428947806
0.200228393078
0.200027987361
0.199827790260
0.199627444148
0.199427366257
0.199227124453
0.199026808143
0.198826596141
0.090489313006
0.062405366451
0.055072385818
0.051533509046
0.049162376672
0.047445643693
0.046198297292
0.045301843435
0.044665027410
0.044216740876
0.043904203922
0.043687809259
0.043540734798
0.043442595750
0.043378788978
0.043339688331
0.043317813426
0.043308604509
0.043308187276
0.043312657624
0.043321479112
0.043331999332
0.043343503028
0.043354947120
0.043364960700
0.043373364955
0.043379355222
0.043382752687
0.043382842094
0.043379504234
0.043371964246
0.043360669166
0.043344516307
0.043324131519
0.043299186975
0.043268699199
0.043233413249
0.043193150312
0.043147552758
0.043096233159
0.043039310724
0.042976815253
0.042909462005
0.042835641652
0.042756278068
0.042671252042
0.042580533773
0.042484451085
0.042382318527
0.042274702340
0.042161364108
0.042042423040
0.041918117553
0.041787702590
0.041652161628
0.041510928422
0.041364241391
0.041212130338
0.041054654866
0.040891993791
0.040724296123
0.040550876409
0.040372777730
0.040188986808
0.515813469887
0.419210314751
0.380208611488
0.358464717865
0.345556795597
0.338091790676
0.333951294422
0.331727385521
0.330534458160
0.329850018024
0.329389512539
0.329006850719
0.328635394573
0.328247755766
0.327836066484
0.327402532101
0.326950132847
0.326484888792
0.326011955738
0.325534164906
0.325055658817
0.324578583241
0.324104189873
0.323634982109
0.323170930147
0.322713553905
0.322263062000
0.321819335222
0.321383118629
0.320954501629
0.320533275604
0.320119351149
0.319713175297
0.319314122200
0.318922460079
0.318537712097
0.318159639835
0.317788243294
0.317423284054
0.317064940929
0.316712319851
0.316365659237
0.316024392843
0.315688908100
0.315358579159
0.315033257008
0.314713269472
0.314397454262
0.314086258411
0.313779532909
0.313476711512
0.313177764416
0.312883079052
0.312591493130
0.312303602695
0.312018752098
0.311737060547
0.311458528042
0.311182677746
0.310909599066
0.310638993979
0.310371100903
0.310105115175
0.309841930866
0.213692337275
0.164492264390
0.149695739150
0.142308279872
0.137709096074
0.134691312909
0.132684633136
0.131325170398
0.130372568965
0.129674628377
0.129135206342
0.128696724772
0.128325119615
0.127999350429
0.127706155181
0.127437427640
0.127187892795
0.126953795552
0.126732453704
0.126522049308
0.126321002841
0.126128271222
0.125942692161
0.125763669610
0.125590339303
0.125421896577
0.125257298350
0.125096723437
0.124939426780
0.124784365296
0.124631658196
0.124481216073
0.124331429601
0.124183192849
0.124035522342
0.123887762427
0.123740240932
0.123592600226
0.123444095254
0.123294517398
0.123144194484
0.122992679477
0.122839078307
0.122684285045
0.122527405620
0.122368052602
0.122206762433
0.122042819858
0.121876403689
0.121707186103
0.121534571052
0.121359214187
0.121180817485
0.120999082923
0.120813444257
0.120624646544
0.120431855321
0.120235577226
0.120034918189
0.119830712676
0.119621679187
0.119408801198
0.119191542268
0.118969812989
0.832936644554
0.690314412117
0.629166066647
0.596461296082
0.578961193562
0.570248842239
0.566352367401
0.564877629280
0.564478278160
0.564454495907
0.564474523067
0.564403235912
0.564201712608
0.563874542713
0.563441574574
0.562927186489
0.562353014946
0.561735689640
0.561089754105
0.560424387455
0.559747636318
0.559064805508
0.558379709721
0.557693898678
0.557009220123
0.556327581406
0.555648803711
0.554973065853
0.554300427437
0.553630828857
0.552964150906
0.552299976349
0.551637589931
0.550977528095
0.550318360329
0.549660325050
0.549002707005
0.548344790936
0.547687232494
0.547028720379
0.546369254589
0.545708119869
0.545044779778
0.544379651546
0.543711364269
0.543040454388
0.542365968227
0.541687428951
0.541005194187
0.540318548679
0.539627492428
0.538930773735
0.538228631020
0.537521302700
0.536807715893
0.536087512970
0.535361230373
0.534627735615
0.533886849880
0.533138930798
0.532383263111
0.531619608402
0.530847132206
0.530066549778
0.306931734085
0.243925765157
0.226115211844
0.217872887850
0.213167428970
0.210420191288
0.208863049746
0.208006709814
0.207535222173
0.207256644964
0.207063034177
0.206897065043
0.206733733416
0.206561163068
0.206376105547
0.206179305911
0.205972254276
0.205757290125
0.205535918474
0.205308914185
0.205078974366
0.204845651984
0.204610228539
0.204372927547
0.204134210944
0.203894749284
0.203654363751
0.203413143754
0.203171342611
0.202929377556
0.202686399221
0.202443897724
0.202200263739
0.201956957579
0.201712712646
0.201468303800
0.201223745942
0.200978800654
0.200733512640
0.200488492846
0.200242400169
0.199995696545
0.199749156833
0.199502333999
0.199254497886
0.199006423354
0.198757484555
0.198508575559
0.198258936405
0.198008418083
0.197757422924
0.197505533695
0.197253212333
0.196999773383
0.196745127439
0.196490079165
0.196233510971
0.195976033807
0.195717900991
0.195457980037
0.195197328925
0.194934934378
0.194671094418
0.194405615330
0.293972253799
0.238689407706
0.222239643335
0.214377984405
0.209862023592
0.207227438688
0.205734997988
0.204912573099
0.204458341002
0.204189985991
0.204004466534
0.203847676516
0.203694373369
0.203532740474
0.203360348940
0.203176453710
0.202981844544
0.202780023217
0.202570796013
0.202356189489
0.202136978507
0.201914906502
0.201689258218
0.201461896300
0.201232150197
0.201001971960
0.200770094991
0.200537562370
0.200303733349
0.200069159269
0.199834167957
0.199598744512
0.199362874031
0.199126660824
0.198889851570
0.198653116822
0.198416054249
0.198178902268
0.197941511869
0.197704091668
0.197466090322
0.197228059173
0.196990221739
0.196751773357
0.196512982249
0.196274936199
0.196035936475
0.195797175169
0.195557996631
0.195318400860
0.195078998804
0.194839417934
0.194599390030
0.194359034300
0.194118604064
0.193877458572
0.193636462092
0.193395063281
0.193152800202
0.192910477519
0.192668005824
0.192424580455
0.192181020975
0.191937342286
0.192264512181
0.142152145505
0.129055991769
0.123068526387
0.119339272380
0.116804078221
0.115041658282
0.113798812032
0.112901702523
0.112232252955
0.111711993814
0.111291036010
0.110936328769
0.110626474023
0.110347822309
0.110092177987
0.109852358699
0.109625414014
0.109407886863
0.109197869897
0.108994767070
0.108796551824
0.108602330089
0.108412310481
0.108225598931
0.108040705323
0.107858553529
0.107678279281
0.107499971986
0.107322767377
0.107146665454
0.106971129775
0.106796160340
0.106622114778
0.106447800994
0.106273844838
0.106099888682
0.105925396085
0.105750605464
0.105575695634
0.105400010943
0.105223670602
0.105046555400
0.104868873954
0.104689761996
0.104510232806
0.104329839349
0.104148522019
0.103966280818
0.103782728314
0.103598281741
0.103412732482
0.103225871921
0.103037938476
0.102849349380
0.102659001946
0.102467879653
0.102275267243
0.102081730962
0.101886823773
0.101691260934
0.101494088769
0.101295962930
0.101096495986
0.553776919842
0.455271422863
0.414694070816
0.392774224281
0.380694270134
0.374531447887
0.371787071228
0.370844870806
0.370733916759
0.370921254158
0.371144294739
0.371290862560
0.371327936649
0.371256351471
0.371091663837
0.370853602886
0.370558857918
0.370223164558
0.369856595993
0.369469434023
0.369067341089
0.368656277657
0.368239313364
0.367818951607
0.367397427559
0.366976499557
0.366556584835
0.366138041019
0.365722209215
0.365309417248
0.364899337292
0.364492774010
0.364089399576
0.363688886166
0.363292127848
0.362898290157
0.362507879734
0.362120628357
0.361736327410
0.361355036497
0.360976457596
0.360600680113
0.360227704048
0.359857082367
0.359488397837
0.359122425318
0.358758270741
0.358396053314
0.358036160469
0.357677996159
0.357321143150
0.356966197491
0.356612414122
0.356259882450
0.355908870697
0.355558514595
0.355209290981
0.354861021042
0.354513287544
0.354166686535
0.353820145130
0.353474825621
0.353128910065
0.352784097195
0.272976577282
0.215824544430
0.199001714587
0.190919861197
0.186116963625
0.183130323887
0.181262135506
0.180076524615
0.179294452071
0.178742036223
0.178318142891
0.177963033319
0.177645072341
0.177346810699
0.177059233189
0.176777154207
0.176498889923
0.176222309470
0.175947695971
0.175674691796
0.175404205918
0.175134360790
0.174866497517
0.174600467086
0.174336373806
0.174073785543
0.173813164234
0.173553869128
0.173296391964
0.173040851951
0.172786474228
0.172533005476
0.172281771898
0.172030895948
0.171781718731
0.171533539891
0.171285986900
0.171039715409
0.170794084668
0.170549362898
0.170304417610
0.170060500503
0.169817045331
0.169574514031
0.169331550598
0.169089198112
0.168846771121
0.168604582548
0.168362647295
0.168120220304
0.167878523469
0.167635887861
0.167393594980
0.167151108384
0.166908293962
0.166665032506
0.166421800852
0.166177958250
0.165933921933
0.165689364076
0.165444701910
0.165198996663
0.164952903986
0.164706468582
0.427217602730
0.340029060841
0.310376048088
0.295159965754
0.286315262318
0.281218230724
0.278384685516
0.276841223240
0.275973200798
0.275420606136
0.274990826845
0.274590909481
0.274181723595
0.273750871420
0.273299157619
0.272831976414
0.272354424000
0.271872431040
0.271391332150
0.270914018154
0.270442545414
0.269979596138
0.269526243210
0.269083380699
0.268651425838
0.268230676651
0.267821311951
0.267423629761
0.267037540674
0.266662776470
0.266298413277
0.265945255756
0.265602648258
0.265269994736
0.264947682619
0.264634668827
0.264331340790
0.264036357403
0.263750910759
0.263473331928
0.263204276562
0.262942790985
0.262688785791
0.262442290783
0.262202531099
0.261969715357
0.261743485928
0.261523008347
0.261309176683
0.261100769043
0.260897696018
0.260700434446
0.260508060455
0.260320574045
0.260137915611
0.259959995747
0.259786427021
0.259617030621
0.259452015162
0.259290039539
0.259132742882
0.258978307247
0.258827209473
0.258680194616
0.290303707123
0.225836023688
0.208812654018
0.201382651925
0.197239965200
0.194840490818
0.193481743336
0.192727699876
0.192301735282
0.192036658525
0.191840872169
0.191668137908
0.191497012973
0.191318795085
0.191131874919
0.190936967731
0.190736114979
0.190530583262
0.190321847796
0.190111935139
0.189901188016
0.189690947533
0.189480453730
0.189271152020
0.189062818885
0.188855752349
0.188650324941
0.188445866108
0.188243120909
0.188042044640
0.187841996551
0.187643170357
0.187446132302
0.187250003219
0.187055632472
0.186861708760
0.186669737101
0.186477944255
0.186287760735
0.186098396778
0.185909673572
0.185721993446
0.185535117984
0.185348808765
0.185163319111
0.184978365898
0.184794232249
0.184610337019
0.184427127242
0.184243932366
0.184061616659
0.183879524469
0.183697611094
0.183516293764
0.183334633708
0.183153122663
0.182971775532
0.182790517807
0.182609349489
0.182428255677
0.182246759534
0.182065650821
0.181883513927
0.181701898575
0.713442802429
0.589413702488
0.535284578800
0.506397306919
0.491321086884
0.484302163124
0.481671154499
0.481166899204
0.481514990330
0.482064306736
0.482522666454
0.482788026333
0.482847869396
0.482725679874
0.482458353043
0.482079207897
0.481618106365
0.481097757816
0.480536282063
0.479946315289
0.479337334633
0.478716313839
0.478087663651
0.477454841137
0.476820170879
0.476184546947
0.475549757481
0.474915266037
0.474282622337
0.473651826382
0.473021715879
0.472393423319
0.471766591072
0.471141040325
0.470516085625
0.469892323017
0.469269037247
0.468646943569
0.468024194241
0.467401742935
0.466779440641
0.466156542301
0.465533286333
0.464909225702
0.464284121990
0.463657975197
0.463030576706
0.462401866913
0.461771517992
0.461138963699
0.460505038500
0.459868073463
0.459229528904
0.458587855101
0.457943886518
0.457297146320
0.456647396088
0.455995172262
0.455338656902
0.454679310322
0.454015851021
0.453349322081
0.452678561211
0.452004134655
0.389227837324
0.320023357868
0.295558333397
0.282889813185
0.275626927614
0.271545529366
0.269377529621
0.268304020166
0.267810642719
0.267595767975
0.267493486404
0.267421513796
0.267342418432
0.267241507769
0.267117083073
0.266971170902
0.266807496548
0.266629993916
0.266442060471
0.266246289015
0.266045391560
0.265841007233
0.265634179115
0.265426665545
0.265218526125
0.265010535717
0.264802962542
0.264596253633
0.264391362667
0.264187693596
0.263985782862
0.263785362244
0.263586699963
0.263389766216
0.263194978237
0.263001680374
0.262810409069
0.262620925903
0.262433350086
0.262247979641
0.262064218521
0.261881560087
0.261701047421
0.261521875858
0.261344313622
0.261168479919
0.260993838310
0.260820388794
0.260648131371
0.260477453470
0.260307669640
0.260138750076
0.259971380234
0.259804546833
0.259638607502
0.259472876787
0.259308040142
0.259143829346
0.258980125189
0.258816927671
0.258653879166
0.258491277695
0.258328616619
0.258165866137
0.099832370877
0.068795755506
0.061111319810
0.057451236993
0.054920483381
0.053014028817
0.051577944309
0.050511080772
0.049728352576
0.049160469323
0.048751730472
0.048458803445
0.048250515014
0.048102755100
0.047999370843
0.047926981002
0.047877568752
0.047844368964
0.047821510583
0.047806758434
0.047795969993
0.047788161784
0.047780860215
0.047773856670
0.047765064985
0.047754127532
0.047739882022
0.047722715884
0.047701407224
0.047675658017
0.047645170242
0.047609914094
0.047569233924
0.047522891313
0.047471571714
0.047414112836
0.047351289541
0.047282118350
0.047207254916
0.047126222402
0.047039378434
0.046946484596
0.046847213060
0.046742100269
0.046631086618
0.046514052898
0.046391744167
0.046262670308
0.046127993613
0.045987803489
0.045841772109
0.045689959079
0.045532394201
0.045369762927
0.045201558620
0.045027721673
0.044849295169
0.044665057212
0.044476021081
0.044281560928
0.044082600623
0.043878544122
0.043669391423
0.043455589563
0.717727839947
0.596845328808
0.545535027981
0.518834114075
0.505062162876
0.498513519764
0.495751917362
0.494773089886
0.494496464729
0.494390308857
0.494222402573
0.493913412094
0.493454456329
0.492865145206
0.492171943188
0.491400659084
0.490574538708
0.489709436893
0.488819301128
0.487911880016
0.486994802952
0.486072063446
0.485146880150
0.484220683575
0.483294785023
0.482370376587
0.481446981430
0.480525314808
0.479604542255
0.478684604168
0.477766215801
0.476848304272
0.475930392742
0.475012719631
0.474095344543
0.473177194595
0.472258836031
0.471339404583
0.470419168472
0.469497799873
0.468575417995
0.467651247978
0.466725647449
0.465798586607
0.464869648218
0.463938832283
0.463006138802
0.462071537971
0.461134582758
0.460195779800
0.459254324436
0.458311021328
0.457365393639
0.456417560577
0.455467283726
0.454514622688
0.453559517860
0.452602058649
0.451642185450
0.450679838657
0.449714660645
0.448747366667
0.447777569294
0.446805298328
0.088883861899
0.063116654754
0.055429805070
0.051449585706
0.048811841756
0.046963710338
0.045665193349
0.044758845121
0.044131029397
0.043697793037
0.043400306255
0.043196190149
0.043057758361
0.042963970453
0.042902607471
0.042863536626
0.042840678245
0.042829323560
0.042826522142
0.042829740793
0.042837727815
0.042848516256
0.042861599475
0.042875725776
0.042890954763
0.042906064540
0.042921025306
0.042934495956
0.042947340757
0.042958308011
0.042967695743
0.042974818498
0.042978692800
0.042980898172
0.042979110032
0.042975027114
0.042966801673
0.042954999954
0.042939621955
0.042920250446
0.042897004634
0.042868930846
0.042836744338
0.042799998075
0.042758513242
0.042712587863
0.042661774904
0.042605716735
0.042545337230
0.042478967458
0.042408157140
0.042332101613
0.042250443250
0.042164225131
0.042072493583
0.041975487024
0.041873473674
0.041765648872
0.041653174907
0.041534740478
0.041411656886
0.041282940656
0.041148860008
0.041009474546
0.526829123497
0.429774254560
0.390269041061
0.368430495262
0.355757415295
0.348704397678
0.345029950142
0.343252182007
0.342446506023
0.342083036900
0.341878712177
0.341698348522
0.341484963894
0.341221570969
0.340908557177
0.340553909540
0.340166389942
0.339755773544
0.339328289032
0.338890373707
0.338446557522
0.337999880314
0.337553322315
0.337109029293
0.336667805910
0.336230665445
0.335798919201
0.335372269154
0.334951698780
0.334537148476
0.334128946066
0.333726704121
0.333330750465
0.332940757275
0.332556843758
0.332179158926
0.331807345152
0.331440925598
0.331079900265
0.330724269152
0.330374062061
0.330028474331
0.329687952995
0.329352319241
0.329020738602
0.328693151474
0.328370451927
0.328051120043
0.327735900879
0.327423572540
0.327115297318
0.326810240746
0.326508045197
0.326208889484
0.325912356377
0.325618624687
0.325327694416
0.325038850307
0.324752300978
0.324467688799
0.324185550213
0.323904871941
0.323625713587
0.323348343372
0.367596656084
0.289078712463
0.265572607517
0.254426270723
0.248120412230
0.244532063603
0.242568656802
0.241530403495
0.240973636508
0.240638777614
0.240386351943
0.240150466561
0.239902302623
0.239635512233
0.239350482821
0.239051207900
0.238742157817
0.238428339362
0.238112732768
0.237797871232
0.237486526370
0.237179026008
0.236877188087
0.236581489444
0.236292168498
0.236009404063
0.235733732581
0.235464856029
0.235202774405
0.234947428107
0.234699115157
0.234456822276
0.234221562743
0.233992174268
0.233769163489
0.233551904559
0.233340188861
0.233133956790
0.232933327556
0.232737973332
0.232547327876
0.232361957431
0.232181444764
0.232004806399
0.231833562255
0.231666132808
0.231502875686
0.231344237924
0.231188878417
0.231037780643
0.230890229344
0.230746492743
0.230605795979
0.230468913913
0.230335518718
0.230204865336
0.230077907443
0.229953989387
0.229832753539
0.229714974761
0.229599341750
0.229486867785
0.229377016425
0.229270115495
0.332783669233
0.273100078106
0.253227323294
0.242997601628
0.236859723926
0.233087167144
0.230771794915
0.229337856174
0.228419408202
0.227791652083
0.227323845029
0.226940974593
0.226602330804
0.226285889745
0.225980803370
0.225680992007
0.225383266807
0.225087150931
0.224791869521
0.224496915936
0.224202275276
0.223908752203
0.223615691066
0.223323673010
0.223032325506
0.222741782665
0.222452461720
0.222164526582
0.221877261996
0.221591204405
0.221306040883
0.221021607518
0.220737963915
0.220456138253
0.220174521208
0.219894304872
0.219614475965
0.219335630536
0.219057232141
0.218779668212
0.218502923846
0.218226581812
0.217950716615
0.217675536871
0.217400938272
0.217126250267
0.216851726174
0.216578185558
0.216304466128
0.216031104326
0.215757712722
0.215484529734
0.215211555362
0.214938342571
0.214665204287
0.214391693473
0.214118435979
0.213845044374
0.213571444154
0.213297620416
0.213023081422
0.212748959661
0.212473928928
0.212199032307
0.177465066314
0.133508250117
0.123632624745
0.119680508971
0.117294058204
0.115646049380
0.114468917251
0.113613829017
0.112978652120
0.112492486835
0.112107977271
0.111794039607
0.111529037356
0.111299827695
0.111096724868
0.110913291574
0.110744819045
0.110588535666
0.110441163182
0.110301151872
0.110167011619
0.110037758946
0.109912112355
0.109789624810
0.109668985009
0.109550401568
0.109432742000
0.109315291047
0.109198614955
0.109081730247
0.108964160085
0.108846291900
0.108727529645
0.108607277274
0.108485504985
0.108362570405
0.108237251639
0.108110114932
0.107980623841
0.107849374413
0.107715055346
0.107578918338
0.107439234853
0.107297524810
0.107152625918
0.107004716992
0.106853887439
0.106699541211
0.106542125344
0.106381371617
0.106217190623
0.106049522758
0.105878040195
0.105702772737
0.105524048209
0.105341181159
0.105154469609
0.104963526130
0.104768797755
0.104569241405
0.104365870357
0.104157850146
0.103945389390
0.103728219867
0.205866560340
0.146915182471
0.134108081460
0.129222139716
0.126304134727
0.124274119735
0.122808530927
0.121734306216
0.120934054255
0.120323613286
0.119844451547
0.119456604123
0.119132682681
0.118854150176
0.118606790900
0.118381693959
0.118173226714
0.117975518107
0.117785349488
0.117600634694
0.117418155074
0.117237076163
0.117055818439
0.116874113679
0.116689369082
0.116501793265
0.116311118007
0.116115853190
0.115915551782
0.115710452199
0.115498825908
0.115280464292
0.115056023002
0.114823713899
0.114583417773
0.114335373044
0.114078179002
0.113811776042
0.113535746932
0.113249436021
0.112952753901
0.112645372748
0.112326964736
0.111995413899
0.111652657390
0.111296460032
0.110927566886
0.110544696450
0.110147163272
0.109735086560
0.109307929873
0.108864352107
0.108405306935
0.107929155231
0.107434913516
0.106923207641
0.106392458081
0.105842843652
0.105273619294
0.104684546590
0.104073688388
0.103441342711
0.102787360549
0.102110520005
0.215148642659
0.167541548610
0.155343949795
0.150090128183
0.147090137005
0.145241096616
0.144077911973
0.143324419856
0.142806962132
0.142419859767
0.142102196813
0.141821548343
0.141560271382
0.141309782863
0.141066148877
0.140827998519
0.140593811870
0.140363827348
0.140137389302
0.139914587140
0.139695659280
0.139480516315
0.139268442988
0.139059051871
0.138853356242
0.138650253415
0.138449534774
0.138251110911
0.138054773211
0.137860521674
0.137667968869
0.137476995587
0.137287154794
0.137099012733
0.136911615729
0.136725291610
0.136539772153
0.136354908347
0.136170640588
0.135986849666
0.135803088546
0.135619595647
0.135436192155
0.135252729058
0.135069385171
0.134885951877
0.134702011943
0.134518012404
0.134333208203
0.134148314595
0.133962586522
0.133776411414
0.133590087295
0.133402332664
0.133214250207
0.133025303483
0.132835194468
0.132644191384
0.132452234626
0.132259413600
0.132065489888
0.131870403886
0.131674215198
0.131476625800
0.184368267655
0.142013981938
0.132135704160
0.128097280860
0.125706836581
0.124108478427
0.122997596860
0.122201487422
0.121605977416
0.121138319373
0.120751485229
0.120416805148
0.120118305087
0.119844987988
0.119590058923
0.119349762797
0.119120940566
0.118902459741
0.118691459298
0.118487879634
0.118289962411
0.118097856641
0.117910310626
0.117726609111
0.117546781898
0.117369905114
0.117195412517
0.117024138570
0.116854205728
0.116685971618
0.116519108415
0.116353586316
0.116188719869
0.116024419665
0.115860953927
0.115697905421
0.115534737706
0.115371420979
0.115207687020
0.115043982863
0.114879831672
0.114715352654
0.114550277591
0.114383652806
0.114216640592
0.114049270749
0.113879844546
0.113709673285
0.113539144397
0.113366886973
0.113193735480
0.113018766046
0.112842544913
0.112665340304
0.112486615777
0.112305954099
0.112124249339
0.111940458417
0.111755356193
0.111569002271
0.111380353570
0.111189767718
0.110997810960
0.110804006457
0.654094815254
0.541903674603
0.495461881161
0.471424460411
0.459262549877
0.453932344913
0.452263534069
0.452316343784
0.453004062176
0.453781962395
0.454414904118
0.454828202724
0.455023348331
0.455029666424
0.454885303974
0.454625010490
0.454278200865
0.453866600990
0.453409582376
0.452919036150
0.452404677868
0.451874166727
0.451332390308
0.450781941414
0.450226783752
0.449667781591
0.449107199907
0.448544919491
0.447982460260
0.447419881821
0.446857362986
0.446295291185
0.445733606815
0.445172786713
0.444611489773
0.444051146507
0.443491518497
0.442932188511
0.442373156548
0.441814273596
0.441255152225
0.440696299076
0.440137326717
0.439577817917
0.439018011093
0.438457906246
0.437897026539
0.437335878611
0.436773419380
0.436209797859
0.435645520687
0.435080349445
0.434513628483
0.433945119381
0.433375835419
0.432804346085
0.432231307030
0.431656897068
0.431080341339
0.430501878262
0.429921627045
0.429339021444
0.428754627705
0.428167641163
0.207878142595
0.155790656805
0.142567232251
0.136682525277
0.133032754064
0.130514398217
0.128715530038
0.127399668097
0.126410141587
0.125640437007
0.125020131469
0.124501630664
0.124055042863
0.123659595847
0.123301818967
0.122972682118
0.122665748000
0.122376874089
0.122102573514
0.121840849519
0.121589586139
0.121347889304
0.121114209294
0.120888009667
0.120668217540
0.120454147458
0.120245233178
0.120041564107
0.119841709733
0.119646385312
0.119454398751
0.119265273213
0.119079396129
0.118896439672
0.118715807796
0.118537411094
0.118361040950
0.118186667562
0.118013903499
0.117842838168
0.117673054338
0.117504313588
0.117337211967
0.117171451449
0.117006674409
0.116842493415
0.116679713130
0.116517707705
0.116356477141
0.116196200252
0.116036549211
0.115877911448
0.115719571710
0.115562006831
0.115405991673
0.115249648690
0.115094527602
0.114940002561
0.114785984159
0.114632830024
0.114480778575
0.114328995347
0.114178314805
0.114028081298
0.205631256104
0.152459427714
0.138614073396
0.132309809327
0.128400161862
0.125765040517
0.123964115977
0.122728243470
0.121871307492
0.121263459325
0.120816990733
0.120474591851
0.120198443532
0.119965597987
0.119758948684
0.119570031762
0.119391813874
0.119220629334
0.119053170085
0.118889436126
0.118726685643
0.118564531207
0.118403598666
0.118241742253
0.118080630898
0.117918893695
0.117756739259
0.117594286799
0.117431476712
0.117267653346
0.117103025317
0.116937980056
0.116772398353
0.116605326533
0.116437718272
0.116269335151
0.116099730134
0.115929111838
0.115757539868
0.115584865212
0.115411147475
0.115236207843
0.115060284734
0.114883020520
0.114704564214
0.114525124431
0.114344581962
0.114162638783
0.113980010152
0.113795652986
0.113610669971
0.113424077630
0.113236621022
0.113048359752
0.112858965993
0.112667754292
0.112476214767
0.112283572555
0.112090066075
0.111895129085
0.111699745059
0.111502811313
0.111305609345
0.111107125878
0.073241814971
0.050442893058
0.044832039624
0.042121697217
0.040206748992
0.038745392114
0.037645358592
0.036842335016
0.036276180297
0.035892028362
0.035643894225
0.035495568067
0.035420347005
0.035396385938
0.035409111530
0.035447705537
0.035504061729
0.035572964698
0.035649705678
0.035731483251
0.035815943033
0.035901028663
0.035985607654
0.036068279296
0.036148834974
0.036225575954
0.036299217492
0.036367852241
0.036432195455
0.036491353065
0.036544699222
0.036592800170
0.036634702235
0.036670822650
0.036700446159
0.036723840982
0.036740083247
0.036750067025
0.036753136665
0.036749381572
0.036738771945
0.036720622331
0.036695886403
0.036663938314
0.036624241620
0.036578256637
0.036524701864
0.036464292556
0.036396671087
0.036321450025
0.036239672452
0.036150623113
0.036054451019
0.035951573402
0.035841245204
0.035724271089
0.035600263625
0.035469312221
0.035331923515
0.035187382251
0.035036403686
0.034878540784
0.034714121372
0.034543324262
0.188749507070
0.143594160676
0.131643578410
0.126174941659
0.122827991843
0.120607808232
0.119101718068
0.118056938052
0.117306873202
0.116742953658
0.116297647357
0.115929529071
0.115613386035
0.115332588553
0.115078285336
0.114844098687
0.114625409245
0.114419505000
0.114223644137
0.114037349820
0.113858297467
0.113685324788
0.113518014550
0.113355889916
0.113197371364
0.113042280078
0.112890467048
0.112741366029
0.112593904138
0.112448409200
0.112303987145
0.112160250545
0.112017348409
0.111874684691
0.111731812358
0.111588940024
0.111445620656
0.111301317811
0.111156687140
0.111010476947
0.110863372684
0.110714450479
0.110563799739
0.110411778092
0.110258117318
0.110102489591
0.109944209456
0.109783783555
0.109621927142
0.109456971288
0.109289720654
0.109119907022
0.108947291970
0.108772024512
0.108594223857
0.108412906528
0.108229413629
0.108042255044
0.107851937413
0.107658579946
0.107462242246
0.107262417674
0.107058927417
0.106851920485
0.353134453297
0.279427468777
0.256660908461
0.245605096221
0.239262804389
0.235595390201
0.233532384038
0.232386276126
0.231722876430
0.231288656592
0.230946317315
0.230630204082
0.230310961604
0.229981228709
0.229640051723
0.229290649295
0.228935882449
0.228580042720
0.228226289153
0.227876827121
0.227532014251
0.227194592357
0.226864323020
0.226541683078
0.226227685809
0.225921615958
0.225623711944
0.225334092975
0.225052490830
0.224778577685
0.224512383342
0.224253997207
0.224002212286
0.223757877946
0.223520189524
0.223288491368
0.223063752055
0.222844526172
0.222631484270
0.222423598170
0.222221091390
0.222023904324
0.221831902862
0.221644312143
0.221461445093
0.221282720566
0.221108675003
0.220938533545
0.220772325993
0.220609784126
0.220451012254
0.220295727253
0.220143660903
0.219994977117
0.219849333167
0.219707041979
0.219567254186
0.219430625439
0.219296470284
0.219165340066
0.219036236405
0.218910112977
0.218786299229
0.218664586544
0.373617440462
0.298451930285
0.274423003197
0.262562632561
0.255789428949
0.251936912537
0.249832078815
0.248716041446
0.248111173511
0.247739061713
0.247451350093
0.247178003192
0.246890291572
0.246579870582
0.246248826385
0.245902046561
0.245544835925
0.245181724429
0.244816824794
0.244452998042
0.244092747569
0.243737563491
0.243388548493
0.243046388030
0.242712512612
0.242385730147
0.242067322135
0.241756603122
0.241454347968
0.241159245372
0.240872249007
0.240593358874
0.240321591496
0.240056976676
0.239799246192
0.239548817277
0.239305242896
0.239067718387
0.238835915923
0.238610669971
0.238390818238
0.238177046180
0.237968638539
0.237765088677
0.237566694617
0.237373158336
0.237184420228
0.236999973655
0.236820295453
0.236644431949
0.236473098397
0.236305102706
0.236141130328
0.235981002450
0.235824242234
0.235671266913
0.235520943999
0.235374316573
0.235230937600
0.235090300441
0.234952375293
0.234817758203
0.234685346484
0.234556123614
0.388830363750
0.318742394447
0.293522685766
0.280105680227
0.272013306618
0.267022252083
0.263923972845
0.261966586113
0.260682284832
0.259788691998
0.259118616581
0.258577227592
0.258109807968
0.257686018944
0.257289052010
0.256909012794
0.256539404392
0.256177961826
0.255822420120
0.255471765995
0.255125522614
0.254781782627
0.254441678524
0.254104375839
0.253769516945
0.253437101841
0.253106832504
0.252778977156
0.252452313900
0.252127557993
0.251804828644
0.251483589411
0.251163423061
0.250844687223
0.250527441502
0.250211298466
0.249895587564
0.249581292272
0.249267324805
0.248954400420
0.248642191291
0.248330667615
0.248019263148
0.247708305717
0.247397705913
0.247088059783
0.246778205037
0.246468469501
0.246158584952
0.245849058032
0.245539650321
0.245229586959
0.244919762015
0.244609639049
0.244299158454
0.243988558650
0.243677482009
0.243365868926
0.243054613471
0.242741927505
0.242429301143
0.242115601897
0.241801187396
0.241486653686
0.378778159618
0.305973082781
0.280974864960
0.267727434635
0.259605795145
0.254545480013
0.251434445381
0.249549910426
0.248415991664
0.247727319598
0.247296556830
0.247010394931
0.246802017093
0.246632710099
0.246480509639
0.246333703399
0.246185049415
0.246031209826
0.245870873332
0.245703801513
0.245530232787
0.245350405574
0.245164856315
0.244974240661
0.244779214263
0.244580611587
0.244378432631
0.244172975421
0.243965193629
0.243755444884
0.243543788791
0.243330165744
0.243115231395
0.242898777127
0.242681309581
0.242463037372
0.242243632674
0.242023214698
0.241802588105
0.241581067443
0.241358742118
0.241135641932
0.240912064910
0.240687921643
0.240462943912
0.240237578750
0.240011677146
0.239785358310
0.239558145404
0.239330753684
0.239102050662
0.238873079419
0.238643869758
0.238413080573
0.238182380795
0.237950906157
0.237718388438
0.237485334277
0.237251862884
0.237017765641
0.236782416701
0.236546203494
0.236309215426
0.236071929336
