0.306357502937
0.263344496489
0.238828450441
0.224612712860
0.216246098280
0.211256295443
0.208240240812
0.206387341022
0.205223709345
0.204465001822
0.203944861889
0.203561931849
0.203254878521
0.202988296747
0.202740609646
0.202501386404
0.202263355255
0.202025353909
0.201786577702
0.201547801495
0.201312512159
0.201081246138
0.200857996941
0.200644582510
0.200443923473
0.200257748365
0.200088590384
0.199939489365
0.199810117483
0.199704200029
0.199621975422
0.199565738440
0.199535697699
0.199534416199
0.199560463428
0.199616342783
0.199701964855
0.199817925692
0.199965327978
0.200144410133
0.200353950262
0.200595736504
0.200868934393
0.201173990965
0.201510399580
0.201879262924
0.202279448509
0.202711075544
0.203174561262
0.203669428825
0.204194933176
0.204751253128
0.205338418484
0.205956339836
0.206604421139
0.207282751799
0.207991361618
0.208729177713
0.209497809410
0.210295855999
0.211123317480
0.211981445551
0.212868750095
0.213785052299
0.080154240131
0.064376354218
0.055914048105
0.051437232643
0.049108598381
0.047916922718
0.047310415655
0.046985659748
0.046782974154
0.046616975218
0.046446058899
0.046252701432
0.046033564955
0.045789752156
0.045526538044
0.045251492411
0.044971410185
0.044693622738
0.044424209744
0.044169280678
0.043932203203
0.043718520552
0.043530020863
0.043369028717
0.043238345534
0.043136540800
0.043066207319
0.043024931103
0.043012890965
0.043028179556
0.043068978935
0.043133679777
0.043219748884
0.043325457722
0.043447259814
0.043581966311
0.043726895005
0.043880496174
0.044038895518
0.044198725373
0.044358346611
0.044513855129
0.044663462788
0.044805083424
0.044936303049
0.045054290444
0.045157495886
0.045244786888
0.045313898474
0.045362208039
0.045390669256
0.045397106558
0.045380149037
0.045339170843
0.045274380594
0.045182887465
0.045066032559
0.044922683388
0.044752154499
0.044554594904
0.044328961521
0.044075910002
0.043793980032
0.043484393507
0.471812069416
0.418934732676
0.386806756258
0.367618620396
0.356189012527
0.349303543568
0.345040142536
0.342266678810
0.340325027704
0.338833868504
0.337572574615
0.336417853832
0.335299968719
0.334182560444
0.333047986031
0.331889927387
0.330706357956
0.329503893852
0.328285127878
0.327057659626
0.325827956200
0.324602365494
0.323387801647
0.322190403938
0.321015596390
0.319869935513
0.318757295609
0.317683875561
0.316652178764
0.315668344498
0.314734935760
0.313856005669
0.313035368919
0.312275826931
0.311579972506
0.310951769352
0.310391545296
0.309904098511
0.309490442276
0.309153467417
0.308894753456
0.308716893196
0.308621406555
0.308611601591
0.308687895536
0.308852612972
0.309107929468
0.309455156326
0.309897840023
0.310436576605
0.311073720455
0.311810910702
0.312651544809
0.313596040010
0.314648360014
0.315809965134
0.317083835602
0.318471491337
0.319976210594
0.321600675583
0.323347687721
0.325219810009
0.327219367027
0.329349756241
0.276124298573
0.232217758894
0.208733230829
0.195969343185
0.188978046179
0.185153871775
0.183086544275
0.181996822357
0.181447237730
0.181188970804
0.181077867746
0.181032419205
0.181007802486
0.180977344513
0.180927544832
0.180854201317
0.180754363537
0.180630028248
0.180484145880
0.180320143700
0.180142164230
0.179953306913
0.179758936167
0.179562300444
0.179367184639
0.179177671671
0.178996175528
0.178826183081
0.178670406342
0.178531467915
0.178411930799
0.178313970566
0.178238302469
0.178187787533
0.178163945675
0.178167849779
0.178200870752
0.178263962269
0.178357988596
0.178484231234
0.178643167019
0.178835481405
0.179061621428
0.179321706295
0.179616391659
0.179946094751
0.180311620235
0.180711299181
0.181147068739
0.181618869305
0.182124942541
0.182667046785
0.183244764805
0.183857709169
0.184505552053
0.185188680887
0.185907095671
0.186660647392
0.187448590994
0.188271194696
0.189129024744
0.190021038055
0.190947681665
0.191908687353
0.142940610647
0.120951205492
0.107782930136
0.099872946739
0.095076054335
0.092119485140
0.090247958899
0.089013248682
0.088147014380
0.087491422892
0.086949974298
0.086467653513
0.086013853550
0.085571080446
0.085134118795
0.084698349237
0.084267795086
0.083844691515
0.083433628082
0.083039581776
0.082666635513
0.082318753004
0.081999480724
0.081712007523
0.081458449364
0.081241101027
0.081059753895
0.080916672945
0.080810874701
0.080742210150
0.080710142851
0.080713123083
0.080749183893
0.080818295479
0.080918103456
0.081046283245
0.081199824810
0.081377953291
0.081578105688
0.081797510386
0.082034349442
0.082285374403
0.082548737526
0.082823187113
0.083103924990
0.083389848471
0.083679288626
0.083969146013
0.084256857634
0.084540277719
0.084817141294
0.085084706545
0.085341155529
0.085583955050
0.085810124874
0.086017489433
0.086204141378
0.086366593838
0.086503505707
0.086611330509
0.086688548326
0.086731731892
0.086740434170
0.086710333824
0.187621414661
0.159048318863
0.141823172569
0.131515145302
0.125389486551
0.121782600880
0.119683831930
0.118478327990
0.117791891098
0.117394149303
0.117148846388
0.116974294186
0.116822063923
0.116669148207
0.116502344608
0.116316944361
0.116114944220
0.115898430347
0.115673065186
0.115445077419
0.115218013525
0.114999860525
0.114794492722
0.114606201649
0.114440053701
0.114298611879
0.114183872938
0.114098966122
0.114045053720
0.114022672176
0.114032357931
0.114073872566
0.114146798849
0.114249646664
0.114381462336
0.114541292191
0.114726006985
0.114935010672
0.115166276693
0.115416198969
0.115683823824
0.115965545177
0.116259962320
0.116564303637
0.116876035929
0.117192238569
0.117510110140
0.117828458548
0.118144035339
0.118452459574
0.118753343821
0.119043469429
0.119319736958
0.119579911232
0.119821399450
0.120040357113
0.120235443115
0.120402961969
0.120540469885
0.120645046234
0.120713412762
0.120742917061
0.120730638504
0.120673865080
0.234958916903
0.195826411247
0.175833135843
0.165498673916
0.160182058811
0.157521098852
0.156275480986
0.155781388283
0.155676215887
0.155759692192
0.155922472477
0.156102985144
0.156269311905
0.156404674053
0.156501621008
0.156558334827
0.156575113535
0.156555950642
0.156503528357
0.156422913074
0.156317859888
0.156193345785
0.156052500010
0.155899792910
0.155738860369
0.155573666096
0.155407726765
0.155242919922
0.155082702637
0.154928505421
0.154783874750
0.154650866985
0.154531478882
0.154427260160
0.154339492321
0.154270619154
0.154221266508
0.154194533825
0.154188066721
0.154205828905
0.154248178005
0.154316127300
0.154409289360
0.154529631138
0.154677599669
0.154853433371
0.155057966709
0.155291557312
0.155553996563
0.155846953392
0.156168878078
0.156521290541
0.156903386116
0.157315790653
0.157757848501
0.158229768276
0.158731490374
0.159262835979
0.159823089838
0.160411059856
0.161028802395
0.161673426628
0.162344843149
0.163042843342
0.122746169567
0.103311568499
0.091746896505
0.084746897221
0.080389738083
0.077572166920
0.075659394264
0.074284017086
0.073230504990
0.072371542454
0.071630299091
0.070961862803
0.070340454578
0.069752097130
0.069187253714
0.068644940853
0.068122804165
0.067622810602
0.067145764828
0.066694498062
0.066269993782
0.065874725580
0.065510183573
0.065176188946
0.064874619246
0.064606100321
0.064368873835
0.064163953066
0.063989788294
0.063845723867
0.063730239868
0.063642144203
0.063579261303
0.063540518284
0.063524067402
0.063527822495
0.063549369574
0.063588470221
0.063641369343
0.063707053661
0.063783228397
0.063868582249
0.063961267471
0.064059019089
0.064162194729
0.064267069101
0.064373791218
0.064479976892
0.064584493637
0.064686268568
0.064784437418
0.064877271652
0.064963310957
0.065042555332
0.065112411976
0.065172731876
0.065222263336
0.065258890390
0.065282583237
0.065292298794
0.065285563469
0.065262407064
0.065220504999
0.065159291029
0.278393656015
0.235909938812
0.210189521313
0.194837272167
0.185745596886
0.180390477180
0.177248686552
0.175404489040
0.174310386181
0.173635601997
0.173187255859
0.172848105431
0.172551423311
0.172261446714
0.171957343817
0.171631485224
0.171281158924
0.170906424522
0.170508712530
0.170091062784
0.169656753540
0.169208347797
0.168748140335
0.168280392885
0.167807221413
0.167332917452
0.166861504316
0.166397541761
0.165945053101
0.165509462357
0.165094494820
0.164705544710
0.164346665144
0.164021164179
0.163733005524
0.163485169411
0.163279235363
0.163117855787
0.163001537323
0.162931084633
0.162906259298
0.162925809622
0.162989437580
0.163095921278
0.163242518902
0.163428127766
0.163649320602
0.163904547691
0.164190381765
0.164504408836
0.164843112230
0.165204674006
0.165585696697
0.165982902050
0.166394650936
0.166816860437
0.167249321938
0.167687177658
0.168129533529
0.168573856354
0.169018447399
0.169460028410
0.169897168875
0.170327723026
0.215278923512
0.189289540052
0.175385087729
0.167950659990
0.164024382830
0.162013649940
0.161047697067
0.160647302866
0.160542786121
0.160582989454
0.160680562258
0.160787910223
0.160875976086
0.160931199789
0.160946428776
0.160920143127
0.160852968693
0.160746186972
0.160603553057
0.160428404808
0.160224378109
0.159996926785
0.159749269485
0.159484624863
0.159207552671
0.158921092749
0.158629298210
0.158336013556
0.158042609692
0.157752871513
0.157469987869
0.157196253538
0.156933546066
0.156684160233
0.156451046467
0.156234890223
0.156039148569
0.155864000320
0.155710965395
0.155582994223
0.155480593443
0.155405163765
0.155356973410
0.155337095261
0.155347615480
0.155387789011
0.155457973480
0.155560076237
0.155693620443
0.155857682228
0.156054198742
0.156282216311
0.156541138887
0.156830012798
0.157150506973
0.157500296831
0.157878726721
0.158285290003
0.158719718456
0.159179031849
0.159664809704
0.160173207521
0.160704970360
0.161256611347
0.343042552471
0.299645304680
0.273198306561
0.257126361132
0.247326254845
0.241303473711
0.237553477287
0.235168308020
0.233598589897
0.232514023781
0.231711536646
0.231069147587
0.230512857437
0.230000764132
0.229505896568
0.229014992714
0.228522598743
0.228025346994
0.227524369955
0.227020591497
0.226518124342
0.226019591093
0.225528538227
0.225047200918
0.224581122398
0.224131375551
0.223701685667
0.223295271397
0.222913354635
0.222557872534
0.222231358290
0.221935242414
0.221671521664
0.221439868212
0.221242725849
0.221079617739
0.220953345299
0.220862716436
0.220807850361
0.220791339874
0.220811069012
0.220868825912
0.220963746309
0.221095591784
0.221265584230
0.221472352743
0.221717029810
0.221998840570
0.222316712141
0.222671896219
0.223062902689
0.223491102457
0.223953455687
0.224452286959
0.224986165762
0.225554555655
0.226157188416
0.226793676615
0.227463960648
0.228166341782
0.228902220726
0.229668885469
0.230466872454
0.231295406818
0.198184460402
0.163120806217
0.141794919968
0.128871619701
0.121033340693
0.116263359785
0.113344669342
0.111539542675
0.110399544239
0.109651327133
0.109130024910
0.108737796545
0.108419835567
0.108145833015
0.107902556658
0.107685178518
0.107496321201
0.107336938381
0.107211470604
0.107122480869
0.107071429491
0.107058048248
0.107080131769
0.107136160135
0.107221275568
0.107333779335
0.107467859983
0.107621341944
0.107790082693
0.107973188162
0.108168363571
0.108376026154
0.108594805002
0.108827501535
0.109071880579
0.109331458807
0.109606772661
0.109899461269
0.110210329294
0.110540896654
0.110891252756
0.111263155937
0.111656069756
0.112072408199
0.112509518862
0.112969577312
0.113451391459
0.113954812288
0.114479243755
0.115023285151
0.115587174892
0.116170138121
0.116769075394
0.117384552956
0.118014276028
0.118656188250
0.119309097528
0.119970381260
0.120638191700
0.121308803558
0.121981322765
0.122651845217
0.123317450285
0.123975157738
0.054340068251
0.042026702315
0.035768453032
0.032684776932
0.031210694462
0.030517283827
0.030177030712
0.029973957688
0.029804591089
0.029623035342
0.029411617666
0.029169652611
0.028902266175
0.028617683798
0.028324041516
0.028029415756
0.027739766985
0.027463052422
0.027200851589
0.026957754046
0.026735071093
0.026535157114
0.026358608156
0.026203785092
0.026073340327
0.025963816792
0.025876317173
0.025808218867
0.025759790093
0.025727633387
0.025712285191
0.025711689144
0.025724414736
0.025750521570
0.025787267834
0.025835070759
0.025891665369
0.025957647711
0.026031050831
0.026111517102
0.026197943836
0.026290003210
0.026387128979
0.026488427073
0.026593152434
0.026700679213
0.026809487492
0.026919964701
0.027031067759
0.027140799910
0.027249339968
0.027355019003
0.027455959469
0.027552787215
0.027644190937
0.027728084475
0.027803841978
0.027870807797
0.027927402407
0.027972999960
0.028006587178
0.028027150780
0.028035048395
0.028028134257
0.306701183319
0.269637107849
0.247719779611
0.234675884247
0.226845234632
0.222091525793
0.219156205654
0.217299669981
0.216077297926
0.215226739645
0.214591026306
0.214079588652
0.213637650013
0.213234007359
0.212852627039
0.212483525276
0.212124526501
0.211773693562
0.211432725191
0.211103439331
0.210786908865
0.210486710072
0.210203558207
0.209941297770
0.209700703621
0.209483325481
0.209290653467
0.209123909473
0.208984583616
0.208872944117
0.208789795637
0.208735823631
0.208710074425
0.208713650703
0.208746582270
0.208808541298
0.208899617195
0.209018528461
0.209166198969
0.209341585636
0.209543883801
0.209772646427
0.210028141737
0.210308700800
0.210613727570
0.210942983627
0.211295396090
0.211671441793
0.212068676949
0.212487548590
0.212927073240
0.213386446238
0.213865697384
0.214362621307
0.214878916740
0.215412348509
0.215962707996
0.216529071331
0.217113375664
0.217712402344
0.218326568604
0.218955844641
0.219599783421
0.220257639885
0.447532087564
0.375732153654
0.329454064369
0.299933075905
0.281061232090
0.268917202950
0.261067032814
0.256006509066
0.252798140049
0.250843971968
0.249755546451
0.249272659421
0.249217718840
0.249464660883
0.249922111630
0.250524878502
0.251222819090
0.251976728439
0.252756834030
0.253541678190
0.254311650991
0.255052268505
0.255753725767
0.256404757500
0.257001727819
0.257536500692
0.258008241653
0.258413612843
0.258751869202
0.259022325277
0.259225606918
0.259363412857
0.259436696768
0.259447157383
0.259395003319
0.259284347296
0.259114921093
0.258888095617
0.258605629206
0.258267760277
0.257874757051
0.257427871227
0.256928056479
0.256374150515
0.255767196417
0.255107283592
0.254394054413
0.253630548716
0.252814441919
0.251948982477
0.251035153866
0.250075072050
0.249072477221
0.248029708862
0.246950119734
0.245840117335
0.244703963399
0.243548020720
0.242379873991
0.241206437349
0.240036040545
0.238876372576
0.237737745047
0.236630111933
0.169302135706
0.145065486431
0.130628585815
0.122084587812
0.117050856352
0.114090204239
0.112342745066
0.111294686794
0.110638648272
0.110192686319
0.109852075577
0.109558522701
0.109278827906
0.108999073505
0.108712852001
0.108421266079
0.108126997948
0.107835471630
0.107550919056
0.107278704643
0.107023030519
0.106787592173
0.106576323509
0.106390923262
0.106232702732
0.106102496386
0.106001794338
0.105929404497
0.105885595083
0.105868756771
0.105876863003
0.105911314487
0.105966806412
0.106044143438
0.106139063835
0.106250852346
0.106377452612
0.106515526772
0.106663584709
0.106818735600
0.106979280710
0.107141911983
0.107304960489
0.107465326786
0.107621192932
0.107769846916
0.107909709215
0.108036875725
0.108150124550
0.108246982098
0.108324408531
0.108380913734
0.108413398266
0.108419328928
0.108396768570
0.108343839645
0.108257502317
0.108136057854
0.107976764441
0.107777386904
0.107536613941
0.107250958681
0.106919676065
0.106540143490
0.391627371311
0.336350589991
0.301866948605
0.280842691660
0.268226832151
0.260759234428
0.256398171186
0.253889322281
0.252463012934
0.251654088497
0.251178562641
0.250863254070
0.250606209040
0.250345528126
0.250045686960
0.249686405063
0.249260708690
0.248766228557
0.248207002878
0.247586265206
0.246913611889
0.246197015047
0.245444178581
0.244664505124
0.243867293000
0.243060499430
0.242253512144
0.241453438997
0.240667104721
0.239902973175
0.239166945219
0.238463908434
0.237800091505
0.237179994583
0.236608266830
0.236087530851
0.235622912645
0.235215932131
0.234869360924
0.234586685896
0.234367549419
0.234212964773
0.234124928713
0.234103947878
0.234148859978
0.234260350466
0.234438329935
0.234680265188
0.234987199306
0.235354870558
0.235784232616
0.236271768808
0.236815780401
0.237413734198
0.238063365221
0.238761544228
0.239505112171
0.240290313959
0.241115599871
0.241975545883
0.242868095636
0.243788793683
0.244733348489
0.245699867606
0.247798919678
0.202635645866
0.175268709660
0.159000605345
0.149467617273
0.143962204456
0.140835881233
0.139093637466
0.138135045767
0.137599587440
0.137273102999
0.137033522129
0.136809647083
0.136566728354
0.136292994022
0.135985821486
0.135652095079
0.135302305222
0.134946018457
0.134596854448
0.134264826775
0.133956700563
0.133679717779
0.133437186480
0.133229613304
0.133057922125
0.132920086384
0.132811516523
0.132730334997
0.132671266794
0.132632195950
0.132609188557
0.132601916790
0.132607519627
0.132627040148
0.132660835981
0.132708758116
0.132772952318
0.132855921984
0.132958352566
0.133082985878
0.133230626583
0.133402734995
0.133600711823
0.133826315403
0.134079724550
0.134361118078
0.134671062231
0.135011404753
0.135378897190
0.135776162148
0.136203974485
0.136659681797
0.137144953012
0.137658387423
0.138202607632
0.138774633408
0.139375954866
0.140005499125
0.140663295984
0.141349852085
0.142063319683
0.142803579569
0.143569618464
0.139102011919
0.117910891771
0.105167716742
0.097401112318
0.092559218407
0.089446008205
0.087362676859
0.085897773504
0.084807276726
0.083943784237
0.083219856024
0.082583039999
0.082001537085
0.081459194422
0.080945342779
0.080456882715
0.079991787672
0.079551458359
0.079137057066
0.078749209642
0.078391224146
0.078063786030
0.077767431736
0.077503859997
0.077273279428
0.077074766159
0.076908141375
0.076773047447
0.076668202877
0.076591879129
0.076544404030
0.076521724463
0.076523214579
0.076547533274
0.076591372490
0.076653540134
0.076732486486
0.076825618744
0.076930433512
0.077045559883
0.077169239521
0.077298998833
0.077433973551
0.077570825815
0.077709108591
0.077845424414
0.077979356050
0.078108221292
0.078231066465
0.078345596790
0.078450202942
0.078542917967
0.078622549772
0.078686416149
0.078734189272
0.078762292862
0.078770160675
0.078756302595
0.078717827797
0.078653931618
0.078562647104
0.078441679478
0.078291177750
0.078108161688
0.335004031658
0.293741971254
0.268543064594
0.253374487162
0.244322046638
0.238946169615
0.235749632120
0.233827084303
0.232632488012
0.231839925051
0.231253772974
0.230758905411
0.230290919542
0.229810565710
0.229300171137
0.228750199080
0.228159576654
0.227530121803
0.226866573095
0.226174741983
0.225461691618
0.224734544754
0.223998993635
0.223263919353
0.222532719374
0.221812486649
0.221108734608
0.220426410437
0.219770699739
0.219144195318
0.218550294638
0.217993736267
0.217475622892
0.216999620199
0.216565757990
0.216176092625
0.215832263231
0.215534716845
0.215284198523
0.215081095695
0.214924663305
0.214814364910
0.214750677347
0.214732408524
0.214759230614
0.214829832315
0.214942246675
0.215095520020
0.215289115906
0.215519160032
0.215785562992
0.216086119413
0.216418743134
0.216780841351
0.217171102762
0.217585772276
0.218024402857
0.218482673168
0.218958437443
0.219448953867
0.219951808453
0.220463544130
0.220981061459
0.221501439810
0.242344737053
0.206301420927
0.186589807272
0.175864160061
0.170108199120
0.167104482651
0.165622383356
0.164971113205
0.164762347937
0.164772987366
0.164879381657
0.165008604527
0.165121227503
0.165196627378
0.165224671364
0.165201425552
0.165127843618
0.165005981922
0.164842218161
0.164639502764
0.164404809475
0.164143085480
0.163859695196
0.163559913635
0.163249492645
0.162932991982
0.162614285946
0.162297368050
0.161987394094
0.161687314510
0.161400139332
0.161129027605
0.160877585411
0.160646319389
0.160440325737
0.160259753466
0.160107105970
0.159983754158
0.159892618656
0.159834057093
0.159808397293
0.159818619490
0.159864902496
0.159947454929
0.160067617893
0.160225778818
0.160423010588
0.160659343004
0.160935282707
0.161250352859
0.161604821682
0.161998540163
0.162431925535
0.162904620171
0.163416355848
0.163967132568
0.164555251598
0.165181815624
0.165844947100
0.166545063257
0.167280942202
0.168051898479
0.168857932091
0.169696122408
0.138176083565
0.120672971010
0.111025452614
0.105768382549
0.102974236012
0.101553380489
0.100884765387
0.100610256195
0.100526064634
0.100514382124
0.100509494543
0.100475341082
0.100394755602
0.100259691477
0.100067168474
0.099821925163
0.099527359009
0.099190235138
0.098815917969
0.098411977291
0.097984731197
0.097540289164
0.097086429596
0.096627950668
0.096170008183
0.095719486475
0.095281064510
0.094858139753
0.094455659389
0.094077706337
0.093726009130
0.093404710293
0.093115061522
0.092860192060
0.092640727758
0.092457264662
0.092312037945
0.092204511166
0.092135429382
0.092103719711
0.092108696699
0.092151492834
0.092228204012
0.092339605093
0.092482805252
0.092657208443
0.092861056328
0.093092054129
0.093347489834
0.093626171350
0.093924969435
0.094242632389
0.094575345516
0.094922006130
0.095279157162
0.095645427704
0.096017181873
0.096393316984
0.096769958735
0.097145348787
0.097517222166
0.097882181406
0.098238438368
0.098584055901
0.259055852890
0.217805355787
0.194491982460
0.181695997715
0.174939662218
0.171589255333
0.170122236013
0.169666439295
0.169720470905
0.170001596212
0.170348227024
0.170670688152
0.170920580626
0.171076267958
0.171126335859
0.171071738005
0.170916646719
0.170668035746
0.170335352421
0.169928878546
0.169458925724
0.168936669827
0.168370932341
0.167772680521
0.167151540518
0.166515290737
0.165874183178
0.165235966444
0.164606124163
0.163994163275
0.163405358791
0.162845909595
0.162321895361
0.161837786436
0.161398828030
0.161009103060
0.160672128201
0.160391449928
0.160171270370
0.160012871027
0.159919023514
0.159892052412
0.159933626652
0.160045146942
0.160227924585
0.160482615232
0.160809516907
0.161209344864
0.161682158709
0.162227183580
0.162844955921
0.163535505533
0.164296299219
0.165128320456
0.166029006243
0.166998922825
0.168036103249
0.169138282537
0.170304775238
0.171534568071
0.172825753689
0.174176812172
0.175584554672
0.177047550678
0.143117785454
0.125173270702
0.115028113127
0.109352588654
0.106230884790
0.104555398226
0.103685647249
0.103248149157
0.103027433157
0.102896869183
0.102785259485
0.102653175592
0.102480053902
0.102257728577
0.101982563734
0.101658672094
0.101288974285
0.100880891085
0.100441873074
0.099976688623
0.099494814873
0.099001735449
0.098505347967
0.098011553288
0.097525656223
0.097054719925
0.096601665020
0.096172243357
0.095770448446
0.095399051905
0.095060050488
0.094757497311
0.094492286444
0.094266206026
0.094079971313
0.093934923410
0.093829482794
0.093764007092
0.093738794327
0.093752980232
0.093803763390
0.093891501427
0.094014465809
0.094169080257
0.094355672598
0.094569802284
0.094811290503
0.095076680183
0.095363259315
0.095668971539
0.095992147923
0.096329480410
0.096677571535
0.097034633160
0.097398221493
0.097765564919
0.098133862019
0.098500549793
0.098863393068
0.099219292402
0.099565625191
0.099900633097
0.100220918655
0.100523948669
0.318365931511
0.276163429022
0.250225394964
0.234458237886
0.224925994873
0.219182163477
0.215721458197
0.213626593351
0.212335675955
0.211505144835
0.210925817490
0.210468977690
0.210057556629
0.209644824266
0.209205210209
0.208723306656
0.208192020655
0.207610577345
0.206980824471
0.206307113171
0.205594599247
0.204849958420
0.204080373049
0.203293383121
0.202497214079
0.201699286699
0.200906753540
0.200127482414
0.199368625879
0.198635846376
0.197934687138
0.197271436453
0.196650117636
0.196074604988
0.195548087358
0.195073664188
0.194653481245
0.194288671017
0.193980634212
0.193729102612
0.193534374237
0.193396538496
0.193313330412
0.193283647299
0.193306148052
0.193377941847
0.193497389555
0.193661570549
0.193868309259
0.194113343954
0.194393754005
0.194707363844
0.195050060749
0.195417642593
0.195806771517
0.196214318275
0.196635872126
0.197069019079
0.197508871555
0.197950839996
0.198393911123
0.198832720518
0.199262797832
0.199683010578
0.300814211369
0.247663259506
0.215413093567
0.196491539478
0.185739606619
0.179886102676
0.176923513412
0.175641119480
0.175310045481
0.175492972136
0.175927579403
0.176456242800
0.176986008883
0.177459031343
0.177845299244
0.178126811981
0.178293824196
0.178343951702
0.178277343512
0.178097933531
0.177811592817
0.177424728870
0.176948487759
0.176390260458
0.175763934851
0.175079673529
0.174351096153
0.173590779305
0.172812134027
0.172026634216
0.171247422695
0.170488089323
0.169757723808
0.169067770243
0.168429106474
0.167850226164
0.167338550091
0.166902601719
0.166548132896
0.166279792786
0.166102677584
0.166020274162
0.166034907103
0.166148155928
0.166361898184
0.166674882174
0.167087644339
0.167596340179
0.168201625347
0.168898016214
0.169684261084
0.170554876328
0.171505331993
0.172531604767
0.173626333475
0.174784779549
0.176000654697
0.177268683910
0.178581058979
0.179932266474
0.181314289570
0.182722330093
0.184150218964
0.185589790344
0.420099198818
0.360267370939
0.322954535484
0.300349295139
0.286923944950
0.279075831175
0.274556517601
0.271995723248
0.270572453737
0.269793003798
0.269360959530
0.269101321697
0.268905550241
0.268710315228
0.268480062485
0.268193095922
0.267839640379
0.267416149378
0.266926050186
0.266371399164
0.265760540962
0.265100061893
0.264398187399
0.263664484024
0.262906461954
0.262134462595
0.261355102062
0.260578453541
0.259810417891
0.259059906006
0.258333653212
0.257637768984
0.256978362799
0.256361395121
0.255790501833
0.255272179842
0.254809439182
0.254405915737
0.254065394402
0.253791034222
0.253583103418
0.253444850445
0.253378361464
0.253382623196
0.253459990025
0.253609269857
0.253831714392
0.254127323627
0.254492968321
0.254929363728
0.255434304476
0.256005913019
0.256643265486
0.257342934608
0.258102357388
0.258920371532
0.259792596102
0.260716348886
0.261688560247
0.262705832720
0.263764649630
0.264861643314
0.265992850065
0.267153531313
0.182001054287
0.153505951166
0.137698799372
0.129141837358
0.124721020460
0.122645318508
0.121878445148
0.121818274260
0.122116416693
0.122568666935
0.123059809208
0.123523056507
0.123921990395
0.124239742756
0.124469697475
0.124609678984
0.124662965536
0.124634027481
0.124528557062
0.124355167150
0.124118983746
0.123828142881
0.123489886522
0.123112320900
0.122699618340
0.122261762619
0.121803104877
0.121330708265
0.120849698782
0.120367377996
0.119887083769
0.119415223598
0.118957042694
0.118514835835
0.118095040321
0.117700576782
0.117335677147
0.117001861334
0.116703152657
0.116442888975
0.116222590208
0.116044163704
0.115908324718
0.115818858147
0.115775138140
0.115778565407
0.115829974413
0.115928858519
0.116075515747
0.116269916296
0.116511821747
0.116800487041
0.117133826017
0.117512702942
0.117934525013
0.118397742510
0.118901550770
0.119443029165
0.120021075010
0.120633244514
0.121278792620
0.121953576803
0.122655212879
0.123382866383
0.324116885662
0.283583521843
0.258815765381
0.243856415153
0.234866857529
0.229462265968
0.226185709238
0.224157273769
0.222848057747
0.221940487623
0.221245080233
0.220651090145
0.220090985298
0.219529241323
0.218944698572
0.218327462673
0.217675715685
0.216988265514
0.216270208359
0.215524971485
0.214759200811
0.213978260756
0.213188409805
0.212395936251
0.211607873440
0.210829854012
0.210068672895
0.209329217672
0.208616554737
0.207936614752
0.207292437553
0.206687957048
0.206126779318
0.205610573292
0.205141961575
0.204722583294
0.204353749752
0.204034656286
0.203766852617
0.203549563885
0.203380793333
0.203260540962
0.203186720610
0.203158318996
0.203173279762
0.203227549791
0.203321367502
0.203449368477
0.203610748053
0.203801393509
0.204018563032
0.204259067774
0.204518944025
0.204796075821
0.205087304115
0.205387294292
0.205694198608
0.206004112959
0.206313103437
0.206618130207
0.206915169954
0.207201689482
0.207473993301
0.207726925611
0.312919139862
0.268524467945
0.243155330420
0.228722214699
0.220550030470
0.215956389904
0.213402479887
0.212003469467
0.211244612932
0.210827469826
0.210577160120
0.210393190384
0.210216730833
0.210017740726
0.209778696299
0.209493041039
0.209160566330
0.208781480789
0.208361238241
0.207903981209
0.207417666912
0.206906110048
0.206377059221
0.205835461617
0.205287307501
0.204739511013
0.204195529222
0.203661501408
0.203141719103
0.202641367912
0.202165156603
0.201715022326
0.201296538115
0.200913548470
0.200568407774
0.200263559818
0.200003862381
0.199790239334
0.199626058340
0.199514031410
0.199455767870
0.199452638626
0.199508041143
0.199622362852
0.199798077345
0.200035601854
0.200337499380
0.200704336166
0.201137125492
0.201636403799
0.202203720808
0.202839910984
0.203545361757
0.204321742058
0.205168336630
0.206086039543
0.207076966763
0.208139002323
0.209274798632
0.210483908653
0.211767405272
0.213124990463
0.214557886124
0.216065496206
0.334378719330
0.284299015999
0.254793405533
0.237792968750
0.228175133467
0.222835391760
0.219939500093
0.218410700560
0.217621982098
0.217207074165
0.216953665018
0.216739147902
0.216494530439
0.216182917356
0.215784043074
0.215291142464
0.214703470469
0.214023679495
0.213257640600
0.212413281202
0.211495727301
0.210516721010
0.209482014179
0.208402037621
0.207284629345
0.206139117479
0.204973250628
0.203796982765
0.202617406845
0.201443254948
0.200283706188
0.199144780636
0.198036909103
0.196966201067
0.195941060781
0.194968909025
0.194056868553
0.193212836981
0.192443490028
0.191755533218
0.191154927015
0.190649122000
0.190243482590
0.189944237471
0.189756304026
0.189684957266
0.189735382795
0.189912021160
0.190218180418
0.190659493208
0.191238254309
0.191957950592
0.192819952965
0.193829834461
0.194987297058
0.196295380592
0.197755813599
0.199369102716
0.201138019562
0.203062087297
0.205142289400
0.207380771637
0.209776699543
0.212330490351
0.363976985216
0.315318733454
0.285330772400
0.267170280218
0.256280243397
0.249780967832
0.245904907584
0.243578925729
0.242154836655
0.241246968508
0.240618795156
0.240132868290
0.239703983068
0.239283740520
0.238843947649
0.238367825747
0.237849354744
0.237285256386
0.236678421497
0.236031085253
0.235348403454
0.234635889530
0.233900159597
0.233148366213
0.232386767864
0.231622278690
0.230862379074
0.230112433434
0.229379415512
0.228669315577
0.227986991405
0.227336138487
0.226722031832
0.226148366928
0.225617766380
0.225132256746
0.224694728851
0.224304914474
0.223965704441
0.223676502705
0.223435550928
0.223245412111
0.223103165627
0.223008394241
0.222958415747
0.222953438759
0.222989857197
0.223064690828
0.223177522421
0.223324477673
0.223502695560
0.223708480597
0.223940610886
0.224194824696
0.224468439817
0.224757254124
0.225058913231
0.225369542837
0.225686758757
0.226007074118
0.226327180862
0.226643860340
0.226954698563
0.227255314589
0.092823654413
0.076097100973
0.066671341658
0.061346683651
0.058294150978
0.056488428265
0.055360738188
0.054595682770
0.054019872099
0.053536776453
0.053096089512
0.052671585232
0.052252773196
0.051833603531
0.051415774971
0.051000777632
0.050593350083
0.050196949393
0.049815330654
0.049450818449
0.049108061939
0.048787865788
0.048491809517
0.048221681267
0.047977659851
0.047759328038
0.047567490488
0.047400478274
0.047257337719
0.047138009220
0.047039840370
0.046961341053
0.046901587397
0.046858910471
0.046830926090
0.046817097813
0.046814415604
0.046821895987
0.046837572008
0.046861741692
0.046890292317
0.046924445778
0.046960089356
0.046999428421
0.047039005905
0.047078493983
0.047116819769
0.047153595835
0.047187451273
0.047216955572
0.047242525965
0.047262761742
0.047275904566
0.047282341868
0.047280881554
0.047268304974
0.047247026116
0.047213945538
0.047169271857
0.047110263258
0.047036204487
0.046945724636
0.046839002520
0.046713475138
0.260249078274
0.212203711271
0.183218061924
0.166161864996
0.156332880259
0.150790005922
0.147745519876
0.146122485399
0.145278811455
0.144833385944
0.144565224648
0.144350647926
0.144121438265
0.143848985434
0.143523216248
0.143148481846
0.142734974623
0.142296940088
0.141850471497
0.141409426928
0.140988498926
0.140598684549
0.140249192715
0.139944851398
0.139690637589
0.139484614134
0.139325499535
0.139209121466
0.139128983021
0.139079153538
0.139052420855
0.139042645693
0.139043301344
0.139050245285
0.139059126377
0.139067441225
0.139075011015
0.139080375433
0.139083862305
0.139088422060
0.139094531536
0.139104247093
0.139121294022
0.139147251844
0.139187932014
0.139243900776
0.139318227768
0.139415144920
0.139539033175
0.139691501856
0.139876842499
0.140098482370
0.140359938145
0.140663266182
0.141012996435
0.141411930323
0.141862303019
0.142367452383
0.142927348614
0.143545985222
0.144222199917
0.144958049059
0.145752549171
0.146605163813
0.189937353134
0.159963876009
0.141974151134
0.131261229515
0.124931931496
0.121239900589
0.119133353233
0.117971509695
0.117363899946
0.117069303989
0.116938710213
0.116881132126
0.116840511560
0.116780668497
0.116683691740
0.116537779570
0.116338700056
0.116085380316
0.115779548883
0.115422487259
0.115020751953
0.114579588175
0.114105284214
0.113604366779
0.113085329533
0.112555205822
0.112021595240
0.111492902040
0.110976040363
0.110479533672
0.110008388758
0.109569162130
0.109167754650
0.108809441328
0.108497202396
0.108235716820
0.108026981354
0.107872843742
0.107774436474
0.107732564211
0.107747316360
0.107817828655
0.107943058014
0.108122646809
0.108353078365
0.108633548021
0.108960747719
0.109333187342
0.109745770693
0.110197663307
0.110683709383
0.111201554537
0.111748665571
0.112320452929
0.112913370132
0.113524615765
0.114150166512
0.114786446095
0.115430742502
0.116078615189
0.116726338863
0.117371499538
0.118010133505
0.118638783693
0.153548538685
0.119264602661
0.103119939566
0.095409721136
0.091804921627
0.090252399445
0.089723408222
0.089690744877
0.089872926474
0.090126127005
0.090373724699
0.090579807758
0.090728551149
0.090814471245
0.090840667486
0.090809524059
0.090728253126
0.090602159500
0.090436518192
0.090237289667
0.090009033680
0.089756786823
0.089483916759
0.089195489883
0.088895261288
0.088585078716
0.088268548250
0.087948322296
0.087626367807
0.087305814028
0.086989223957
0.086677372456
0.086373329163
0.086079090834
0.085795938969
0.085524916649
0.085268318653
0.085027486086
0.084804266691
0.084599435329
0.084414213896
0.084250599146
0.084108322859
0.083989173174
0.083894163370
0.083822846413
0.083777040243
0.083756506443
0.083761841059
0.083792954683
0.083850651979
0.083934128284
0.084043055773
0.084178417921
0.084338247776
0.084522843361
0.084730744362
0.084960669279
0.085213720798
0.085486561060
0.085779398680
0.086088955402
0.086415886879
0.086758434772
0.315618157387
0.266765803099
0.239934444427
0.225439220667
0.217824101448
0.214002281427
0.212230086327
0.211524099112
0.211329787970
0.211338132620
0.211383521557
0.211377173662
0.211277097464
0.211065739393
0.210741013288
0.210307627916
0.209773361683
0.209150105715
0.208446532488
0.207674741745
0.206846356392
0.205970048904
0.205056309700
0.204114913940
0.203153342009
0.202181667089
0.201207458973
0.200237870216
0.199281036854
0.198343276978
0.197431683540
0.196553826332
0.195714831352
0.194921731949
0.194179266691
0.193494588137
0.192871600389
0.192317575216
0.191836088896
0.191432148218
0.191111385822
0.190876990557
0.190735012293
0.190687477589
0.190739572048
0.190895229578
0.191157758236
0.191530138254
0.192014902830
0.192616701126
0.193336814642
0.194178760052
0.195144712925
0.196237266064
0.197458654642
0.198810994625
0.200296461582
0.201917350292
0.203674793243
0.205572575331
0.207611411810
0.209794074297
0.212122648954
0.214597702026
0.214470386505
0.181917756796
0.162280738354
0.150549888611
0.143599092960
0.139522850513
0.137165606022
0.135828524828
0.135082125664
0.134666472673
0.134423196316
0.134256660938
0.134108364582
0.133948147297
0.133756458759
0.133525371552
0.133251905441
0.132937520742
0.132585108280
0.132200151682
0.131787806749
0.131355285645
0.130908519030
0.130456358194
0.130004614592
0.129560709000
0.129130691290
0.128721952438
0.128339350224
0.127988189459
0.127672791481
0.127396494150
0.127163439989
0.126974254847
0.126830905676
0.126735419035
0.126687377691
0.126685112715
0.126729428768
0.126819193363
0.126950919628
0.127124071121
0.127336084843
0.127584397793
0.127866268158
0.128178596497
0.128518491983
0.128883600235
0.129268974066
0.129673570395
0.130092501640
0.130524009466
0.130964040756
0.131409525871
0.131857216358
0.132303982973
0.132746934891
0.133183479309
0.133608967066
0.134022057056
0.134419381618
0.134797573090
0.135153740644
0.135484397411
0.294403761625
0.245246306062
0.216290920973
0.199899494648
0.191016554832
0.186496764421
0.184444934130
0.183742761612
0.183733642101
0.184035986662
0.184431612492
0.184793770313
0.185055643320
0.185179144144
0.185150802135
0.184966236353
0.184628695250
0.184147626162
0.183533221483
0.182797223330
0.181955367327
0.181020021439
0.180006474257
0.178927868605
0.177798479795
0.176631629467
0.175440669060
0.174238264561
0.173036277294
0.171846777201
0.170682013035
0.169551283121
0.168466299772
0.167434662580
0.166466742754
0.165571570396
0.164756655693
0.164029866457
0.163397669792
0.162865936756
0.162441253662
0.162128716707
0.161931812763
0.161854982376
0.161901921034
0.162074267864
0.162375509739
0.162805318832
0.163366049528
0.164056807756
0.164878100157
0.165828287601
0.166906893253
0.168111681938
0.169440776110
0.170890361071
0.172457695007
0.174139082432
0.175931572914
0.177829861641
0.179830044508
0.181927144527
0.184115260839
0.186390310526
0.262725293636
0.226452469826
0.204835504293
0.192146480083
0.184808641672
0.180658370256
0.178397148848
0.177244067192
0.176727771759
0.176558434963
0.176559388638
0.176622003317
0.176679193974
0.176689654589
0.176631569862
0.176491916180
0.176264852285
0.175951570272
0.175555288792
0.175081938505
0.174537777901
0.173932701349
0.173274010420
0.172571480274
0.171834409237
0.171071559191
0.170293152332
0.169506251812
0.168720275164
0.167942821980
0.167180657387
0.166441857815
0.165731877089
0.165056556463
0.164420813322
0.163830637932
0.163289755583
0.162801116705
0.162368983030
0.161994665861
0.161681771278
0.161430746317
0.161244779825
0.161121994257
0.161063849926
0.161072432995
0.161143571138
0.161279141903
0.161476612091
0.161735445261
0.162053555250
0.162428647280
0.162858307362
0.163340002298
0.163871467113
0.164449125528
0.165069580078
0.165729969740
0.166426599026
0.167154669762
0.167912542820
0.168694078922
0.169496744871
0.170315951109
0.357195973396
0.309712290764
0.281119287014
0.263943552971
0.253602445126
0.247340828180
0.243513360620
0.241135120392
0.239615142345
0.238594889641
0.237859696150
0.237279444933
0.236776024103
0.236302077770
0.235831439495
0.235349595547
0.234849780798
0.234329521656
0.233789026737
0.233231008053
0.232658207417
0.232075482607
0.231487274170
0.230897754431
0.230311304331
0.229732543230
0.229165256023
0.228614777327
0.228083401918
0.227575182915
0.227094531059
0.226643830538
0.226226747036
0.225845932961
0.225504100323
0.225203543901
0.224948018789
0.224738299847
0.224577665329
0.224467366934
0.224410235882
0.224407315254
0.224460363388
0.224571198225
0.224742174149
0.224972754717
0.225265860558
0.225621879101
0.226042509079
0.226528704166
0.227082163095
0.227701812983
0.228391259909
0.229149371386
0.229978859425
0.230879485607
0.231852352619
0.232898384333
0.234017640352
0.235211849213
0.236482173204
0.237827986479
0.239251315594
0.240751743317
0.270260423422
0.222584843636
0.193827986717
0.176936358213
0.167251706123
0.161871135235
0.159033536911
0.157678335905
0.157170355320
0.157127857208
0.157320380211
0.157611787319
0.157921224833
0.158201336861
0.158424347639
0.158577352762
0.158654361963
0.158651530743
0.158571779728
0.158416301012
0.158188402653
0.157892704010
0.157534122467
0.157118827105
0.156653761864
0.156145811081
0.155604392290
0.155037194490
0.154453516006
0.153863221407
0.153275787830
0.152700155973
0.152146071196
0.151621371508
0.151135325432
0.150694102049
0.150305539370
0.149975568056
0.149709254503
0.149511575699
0.149386584759
0.149336308241
0.149363309145
0.149468719959
0.149653971195
0.149919211864
0.150263369083
0.150686115026
0.151185035706
0.151758551598
0.152403175831
0.153116285801
0.153894245625
0.154734045267
0.155631035566
0.156580239534
0.157578229904
0.158620148897
0.159701228142
0.160816252232
0.161959648132
0.163128763437
0.164317667484
0.165522336960
0.304999142885
0.251436293125
0.219456523657
0.201066702604
0.190810233355
0.185251444578
0.182320266962
0.180807441473
0.180022090673
0.179579764605
0.179271340370
0.178987681866
0.178680300713
0.178328961134
0.177933990955
0.177502483130
0.177046149969
0.176578730345
0.176111668348
0.175656735897
0.175223797560
0.174818158150
0.174443930387
0.174103409052
0.173793345690
0.173510283232
0.173249512911
0.173002272844
0.172761082649
0.172516673803
0.172261446714
0.171986252069
0.171684145927
0.171348512173
0.170976221561
0.170563459396
0.170108020306
0.169609874487
0.169071018696
0.168493181467
0.167878478765
0.167233049870
0.166562467813
0.165871411562
0.165167033672
0.164458453655
0.163751631975
0.163056671619
0.162381976843
0.161737531424
0.161132574081
0.160578131676
0.160083472729
0.159658670425
0.159313619137
0.159057170153
0.158899098635
0.158846646547
0.158906728029
0.159086763859
0.159389883280
0.159821063280
0.160382837057
0.161075472832
0.473567992449
0.413080662489
0.375296622515
0.352102428675
0.337889194489
0.329091489315
0.323536038399
0.319923669100
0.317479968071
0.315740585327
0.314423859119
0.313357293606
0.312434017658
0.311587750912
0.310775488615
0.309972465038
0.309164345264
0.308340132236
0.307498186827
0.306638121605
0.305759549141
0.304867208004
0.303963601589
0.303054809570
0.302144944668
0.301238983870
0.300342679024
0.299459457397
0.298596501350
0.297757953405
0.296948403120
0.296172440052
0.295435011387
0.294740736485
0.294093310833
0.293496191502
0.292953193188
0.292467832565
0.292044997215
0.291686117649
0.291394501925
0.291173547506
0.291025578976
0.290953278542
0.290958404541
0.291044294834
0.291212528944
0.291464507580
0.291802525520
0.292229205370
0.292744934559
0.293352067471
0.294051945210
0.294846355915
0.295737147331
0.296724021435
0.297810405493
0.298996925354
0.300284683704
0.301675230265
0.303170174360
0.304770112038
0.306477785110
0.308292567730
0.169585794210
0.147853881121
0.134975552559
0.127366572618
0.122859150171
0.120160132647
0.118507921696
0.117447495461
0.116713345051
0.116146892309
0.115657508373
0.115194022655
0.114728212357
0.114247798920
0.113748908043
0.113232493401
0.112702846527
0.112165629864
0.111627727747
0.111096501350
0.110576152802
0.110074251890
0.109595537186
0.109144240618
0.108725249767
0.108339101076
0.107990622520
0.107680737972
0.107410073280
0.107179343700
0.106988489628
0.106837779284
0.106725335121
0.106650441885
0.106611847878
0.106607645750
0.106635689735
0.106693595648
0.106780111790
0.106891125441
0.107025831938
0.107179909945
0.107352882624
0.107540488243
0.107740461826
0.107950001955
0.108167052269
0.108387678862
0.108610630035
0.108832001686
0.109049916267
0.109261333942
0.109463185072
0.109653919935
0.109830737114
0.109990447760
0.110130339861
0.110248088837
0.110340863466
0.110406488180
0.110442072153
0.110445886850
0.110414713621
0.110345870256
0.278629511595
0.238334327936
0.214003205299
0.199489146471
0.190880239010
0.185780346394
0.182745993137
0.180914014578
0.179767310619
0.178999722004
0.178430438042
0.177955150604
0.177515119314
0.177078008652
0.176629811525
0.176163673401
0.175678938627
0.175177782774
0.174662530422
0.174138993025
0.173609346151
0.173077106476
0.172547280788
0.172021239996
0.171504199505
0.170999467373
0.170510679483
0.170041769743
0.169595181942
0.169174939394
0.168784141541
0.168425828218
0.168103277683
0.167817533016
0.167571455240
0.167364269495
0.167197912931
0.167072623968
0.166988223791
0.166942834854
0.166936367750
0.166967242956
0.167033493519
0.167132258415
0.167262971401
0.167421251535
0.167605191469
0.167813330889
0.168041080236
0.168287277222
0.168548762798
0.168822795153
0.169106334448
0.169397860765
0.169694691896
0.169993460178
0.170293599367
0.170590847731
0.170884370804
0.171170949936
0.171449154615
0.171716362238
0.171970367432
0.172208458185
0.500997304916
0.419301807880
0.364078015089
0.326914101839
0.301783919334
0.284657448530
0.272905081511
0.264819413424
0.259280204773
0.255537152290
0.253082215786
0.251560568810
0.250719070435
0.250375241041
0.250393033028
0.250670969486
0.251134008169
0.251720875502
0.252389937639
0.253103524446
0.253834635019
0.254562318325
0.255268603563
0.255940526724
0.256566017866
0.257137268782
0.257645249367
0.258085697889
0.258452147245
0.258741647005
0.258950948715
0.259076654911
0.259118407965
0.259074419737
0.258944660425
0.258728742599
0.258428186178
0.258042126894
0.257572919130
0.257022142410
0.256391644478
0.255683541298
0.254899859428
0.254044622183
0.253118991852
0.252127498388
0.251072943211
0.249960377812
0.248794540763
0.247579425573
0.246321320534
0.245025590062
0.243700265884
0.242351293564
0.240986198187
0.239614307880
0.238243520260
0.236882835627
0.235542446375
0.234230488539
0.232957392931
0.231733500957
0.230567067862
0.229466557503
0.308695614338
0.260974258184
0.233171403408
0.217444807291
0.208796501160
0.204202085733
0.201882421970
0.200804948807
0.200373381376
0.200244545937
0.200222939253
0.200197577477
0.200106948614
0.199919730425
0.199622243643
0.199209004641
0.198685020208
0.198053270578
0.197325110435
0.196507543325
0.195613771677
0.194652646780
0.193634927273
0.192572534084
0.191474884748
0.190352201462
0.189214944839
0.188073784113
0.186935842037
0.185812711716
0.184712916613
0.183644235134
0.182614922523
0.181633174419
0.180706888437
0.179843574762
0.179050117731
0.178332448006
0.177696794271
0.177149504423
0.176696717739
0.176342755556
0.176092505455
0.175949037075
0.175918281078
0.176002860069
0.176205605268
0.176529437304
0.176975846291
0.177548706532
0.178246170282
0.179072946310
0.180026352406
0.181108951569
0.182319939137
0.183658659458
0.185125201941
0.186718910933
0.188437163830
0.190279841423
0.192245185375
0.194331943989
0.196536213160
0.198857337236
0.183295965195
0.150179445744
0.130842685699
0.119695872068
0.113366186619
0.109858155251
0.107992261648
0.107071042061
0.106678813696
0.106567144394
0.106587171555
0.106652379036
0.106712162495
0.106736779213
0.106714069843
0.106636494398
0.106501519680
0.106311619282
0.106070339680
0.105780035257
0.105447381735
0.105075120926
0.104670315981
0.104236334562
0.103779733181
0.103305846453
0.102819889784
0.102329045534
0.101837664843
0.101353436708
0.100879967213
0.100425094366
0.099993288517
0.099591046572
0.099221616983
0.098890215158
0.098601698875
0.098359048367
0.098166406155
0.098026186228
0.097940146923
0.097911417484
0.097939521074
0.098026543856
0.098172873259
0.098377794027
0.098641067743
0.098962396383
0.099338978529
0.099770754576
0.100255042315
0.100790381432
0.101374745369
0.102004259825
0.102677553892
0.103391081095
0.104142546654
0.104928910732
0.105745702982
0.106591910124
0.107463538647
0.108356714249
0.109268903732
0.110197007656
0.344654828310
0.288130939007
0.253531217575
0.233075797558
0.221367359161
0.214942425489
0.211656123400
0.210201770067
0.209788501263
0.209940463305
0.210368156433
0.210898011923
0.211425006390
0.211887925863
0.212248653173
0.212489128113
0.212599128485
0.212577342987
0.212425529957
0.212151497602
0.211763709784
0.211272716522
0.210690349340
0.210030883551
0.209306478500
0.208530157804
0.207717090845
0.206878542900
0.206028908491
0.205180644989
0.204345107079
0.203533828259
0.202756792307
0.202024877071
0.201346069574
0.200729280710
0.200181454420
0.199709981680
0.199320137501
0.199017018080
0.198805481195
0.198687821627
0.198667109013
0.198745787144
0.198923885822
0.199201524258
0.199578851461
0.200055271387
0.200627893209
0.201293915510
0.202050983906
0.202895104885
0.203822225332
0.204828262329
0.205906450748
0.207052171230
0.208261549473
0.209525138140
0.210840314627
0.212197542191
0.213593751192
0.215020239353
0.216472089291
0.217943400145
0.227036356926
0.194958686829
0.175778418779
0.164432942867
0.157774031162
0.153888791800
0.151627510786
0.150300890207
0.149495661259
0.148969292641
0.148577392101
0.148239284754
0.147910982370
0.147568434477
0.147203743458
0.146813243628
0.146400839090
0.145970046520
0.145527094603
0.145078271627
0.144628971815
0.144186437130
0.143755495548
0.143340885639
0.142947316170
0.142578929663
0.142239570618
0.141932457685
0.141657739878
0.141419857740
0.141218274832
0.141053885221
0.140928119421
0.140838474035
0.140785396099
0.140767306089
0.140783011913
0.140830993652
0.140908390284
0.141013681889
0.141144067049
0.141297578812
0.141470640898
0.141660690308
0.141865551472
0.142082810402
0.142308562994
0.142540812492
0.142776399851
0.143012702465
0.143246591091
0.143475770950
0.143697649240
0.143908798695
0.144107222557
0.144290268421
0.144453555346
0.144597262144
0.144715875387
0.144807755947
0.144869834185
0.144900202751
0.144893288612
0.144848257303
0.139753162861
0.118367701769
0.107077360153
0.101181566715
0.098222553730
0.096867859364
0.096377313137
0.096335113049
0.096504956484
0.096751451492
0.097000718117
0.097213119268
0.097368419170
0.097457528114
0.097480088472
0.097436517477
0.097330480814
0.097168743610
0.096955150366
0.096696108580
0.096398741007
0.096066564322
0.095707237720
0.095324873924
0.094925105572
0.094512492418
0.094093501568
0.093670636415
0.093250662088
0.092835664749
0.092430710793
0.092040449381
0.091666579247
0.091313183308
0.090983718634
0.090680927038
0.090406715870
0.090163469315
0.089953660965
0.089778602123
0.089638710022
0.089536070824
0.089471340179
0.089444428682
0.089455246925
0.089504510164
0.089591115713
0.089715033770
0.089874386787
0.090069293976
0.090297013521
0.090556651354
0.090847462416
0.091166019440
0.091511577368
0.091881394386
0.092272341251
0.092684984207
0.093114197254
0.093558520079
0.094015598297
0.094482660294
0.094957321882
0.095436930656
0.170261144638
0.138407766819
0.121009260416
0.111676990986
0.106859713793
0.104562669992
0.103652387857
0.103480070829
0.103674739599
0.104024112225
0.104408502579
0.104763031006
0.105053514242
0.105264425278
0.105391144753
0.105434954166
0.105400711298
0.105293482542
0.105122417212
0.104893982410
0.104615807533
0.104295402765
0.103940039873
0.103556603193
0.103152304888
0.102732628584
0.102304548025
0.101873129606
0.101444512606
0.101023018360
0.100614398718
0.100221902132
0.099851131439
0.099505096674
0.099187821150
0.098901540041
0.098650902510
0.098437070847
0.098263472319
0.098131448030
0.098043233156
0.098000138998
0.098002642393
0.098052978516
0.098151624203
0.098298132420
0.098493576050
0.098737120628
0.099029839039
0.099368751049
0.099755376577
0.100188493729
0.100666880608
0.101188421249
0.101752132177
0.102357417345
0.103001564741
0.103683233261
0.104400962591
0.105152010918
0.105934530497
0.106746375561
0.107585847378
0.108450502157
0.530277490616
0.485187292099
0.461497485638
0.450494825840
0.446509242058
0.446075260639
0.447179913521
0.448716968298
0.450117290020
0.451125979424
0.451657950878
0.451719611883
0.451357424259
0.450635671616
0.449622213840
0.448375940323
0.446953296661
0.445399969816
0.443756818771
0.442056208849
0.440326690674
0.438590288162
0.436867713928
0.435175418854
0.433525681496
0.431932032108
0.430404543877
0.428951561451
0.427582263947
0.426302492619
0.425119876862
0.424039691687
0.423068046570
0.422211080790
0.421471565962
0.420856654644
0.420369505882
0.420014858246
0.419798791409
0.419724255800
0.419796168804
0.420019149780
0.420398294926
0.420937031507
0.421641767025
0.422515273094
0.423564791679
0.424795031548
0.426210194826
0.427817136049
0.429619967937
0.431627452374
0.433843970299
0.436275511980
0.438930451870
0.441814482212
0.444936573505
0.448303461075
0.451923429966
0.455803573132
0.459954321384
0.464383751154
0.469101071358
0.474116325378
0.265296638012
0.222945690155
0.199857413769
0.187448352575
0.180945217609
0.177684932947
0.176186382771
0.175623416901
0.175530195236
0.175650030375
0.175838947296
0.176018357277
0.176146924496
0.176205784082
0.176188379526
0.176094561815
0.175929307938
0.175698131323
0.175410032272
0.175072550774
0.174693942070
0.174283295870
0.173847019672
0.173395007849
0.172932386398
0.172466427088
0.172004550695
0.171550780535
0.171111881733
0.170692205429
0.170297533274
0.169929891825
0.169595807791
0.169297307730
0.169038593769
0.168821394444
0.168649882078
0.168525636196
0.168451040983
0.168427258730
0.168457239866
0.168542772532
0.168683022261
0.168881684542
0.169137597084
0.169452220201
0.169826149940
0.170259863138
0.170753598213
0.171308010817
0.171922296286
0.172597438097
0.173331320286
0.174127221107
0.174981206656
0.175894677639
0.176867991686
0.177900165319
0.178989708424
0.180137962103
0.181343436241
0.182606130838
0.183925151825
0.185300856829
0.247832641006
0.210697591305
0.190870106220
0.180132240057
0.174283444881
0.171109527349
0.169416755438
0.168546348810
0.168130189180
0.167957752943
0.167909502983
0.167914539576
0.167934536934
0.167945712805
0.167936444283
0.167901903391
0.167839944363
0.167750805616
0.167637318373
0.167502671480
0.167349249125
0.167181283236
0.167002439499
0.166816562414
0.166626155376
0.166434854269
0.166245490313
0.166061252356
0.165885806084
0.165718704462
0.165565192699
0.165425330400
0.165302097797
0.165197223425
0.165111899376
0.165047317743
0.165006697178
0.164988636971
0.164995044470
0.165028721094
0.165087997913
0.165176212788
0.165291517973
0.165436416864
0.165610998869
0.165815055370
0.166049122810
0.166314780712
0.166610717773
0.166937589645
0.167295157909
0.167684853077
0.168104410172
0.168554902077
0.169035792351
0.169547557831
0.170088678598
0.170659601688
0.171259462833
0.171887338161
0.172544062138
0.173227667809
0.173937916756
0.174673914909
0.362026274204
0.306072503328
0.272105336189
0.252002269030
0.240239799023
0.233370929956
0.229344397783
0.226962745190
0.225535333157
0.224663197994
0.224113255739
0.223752498627
0.223500370979
0.223313778639
0.223165720701
0.223043531179
0.222939461470
0.222850501537
0.222775399685
0.222712755203
0.222662508488
0.222622305155
0.222590744495
0.222564637661
0.222540318966
0.222514986992
0.222484022379
0.222443938255
0.222390949726
0.222321212292
0.222231298685
0.222120434046
0.221985697746
0.221826761961
0.221642702818
0.221431791782
0.221195399761
0.220932513475
0.220644474030
0.220332682133
0.219996839762
0.219638109207
0.219257712364
0.218856990337
0.218437045813
0.218001246452
0.217549234629
0.217084318399
0.216609358788
0.216127216816
0.215640783310
0.215152442455
0.214667737484
0.214189678431
0.213723391294
0.213273972273
0.212844073772
0.212441504002
0.212068557739
0.211732596159
0.211436986923
0.211185723543
0.210983544588
0.210834294558
0.186685472727
0.157166033983
0.139732301235
0.129563182592
0.123724013567
0.120458990335
0.118717938662
0.117868691683
0.117527902126
0.117463320494
0.117531508207
0.117645472288
0.117753326893
0.117824941874
0.117840379477
0.117793440819
0.117678433657
0.117494970560
0.117245972157
0.116933852434
0.116564512253
0.116144448519
0.115677416325
0.115172594786
0.114637494087
0.114078134298
0.113504111767
0.112922251225
0.112341135740
0.111767053604
0.111207813025
0.110671311617
0.110162734985
0.109688490629
0.109253406525
0.108862459660
0.108519852161
0.108228862286
0.107993006706
0.107811808586
0.107689470053
0.107625484467
0.107621133327
0.107675492764
0.107787787914
0.107957303524
0.108183115721
0.108462423086
0.108793348074
0.109173595905
0.109599769115
0.110070079565
0.110581070185
0.111129313707
0.111712008715
0.112325251102
0.112966030836
0.113630890846
0.114315748215
0.115017920732
0.115733444691
0.116457849741
0.117188602686
0.117920905352
0.151916742325
0.127195149660
0.113683372736
0.106397718191
0.102602958679
0.100766241550
0.100016564131
0.099850684404
0.099979817867
0.100234657526
0.100520104170
0.100781768560
0.100992083549
0.101135492325
0.101208150387
0.101209282875
0.101141959429
0.101010024548
0.100820958614
0.100578278303
0.100289046764
0.099959731102
0.099595457315
0.099202543497
0.098786950111
0.098354220390
0.097909927368
0.097458630800
0.097006738186
0.096558451653
0.096118867397
0.095690608025
0.095281690359
0.094893217087
0.094529777765
0.094194710255
0.093890070915
0.093620896339
0.093387812376
0.093194693327
0.093040853739
0.092929333448
0.092862039804
0.092838287354
0.092859715223
0.092925906181
0.093036562204
0.093190640211
0.093389451504
0.093630343676
0.093912839890
0.094234257936
0.094595104456
0.094991713762
0.095422655344
0.095886170864
0.096379458904
0.096899688244
0.097446411848
0.098014801741
0.098603606224
0.099209308624
0.099829703569
0.100462287664
0.277062296867
0.240389794111
0.219382971525
0.207100898027
0.199781388044
0.195337504148
0.192589372396
0.190854936838
0.189731776714
0.188979744911
0.188451915979
0.188060581684
0.187749594450
0.187485158443
0.187247604132
0.187023878098
0.186807781458
0.186597138643
0.186389029026
0.186185538769
0.185986369848
0.185792326927
0.185607612133
0.185432136059
0.185269236565
0.185120999813
0.184988409281
0.184873282909
0.184777736664
0.184701681137
0.184648066759
0.184617727995
0.184611678123
0.184629768133
0.184673994780
0.184743970633
0.184841185808
0.184965938330
0.185118705034
0.185298174620
0.185505867004
0.185742169619
0.186005473137
0.186296820641
0.186616152525
0.186962634325
0.187334805727
0.187735468149
0.188161015511
0.188611894846
0.189088284969
0.189588874578
0.190114229918
0.190661370754
0.191230565310
0.191822499037
0.192434906960
0.193067222834
0.193718880415
0.194389164448
0.195078194141
0.195783644915
0.196505099535
0.197242736816
0.178573936224
0.155943512917
0.142657220364
0.134958595037
0.130555421114
0.128069996834
0.126679360867
0.125892966986
0.125420063734
0.125090837479
0.124804228544
0.124506324530
0.124167442322
0.123776227236
0.123327732086
0.122826933861
0.122279942036
0.121694684029
0.121081501245
0.120448410511
0.119806677103
0.119164794683
0.118530541658
0.117912203074
0.117316246033
0.116748452187
0.116214454174
0.115718662739
0.115263998508
0.114852458239
0.114487975836
0.114170283079
0.113900899887
0.113679528236
0.113505184650
0.113378465176
0.113297253847
0.113260328770
0.113264888525
0.113309353590
0.113392740488
0.113510549068
0.113660991192
0.113841742277
0.114048480988
0.114279896021
0.114532679319
0.114801526070
0.115087568760
0.115384310484
0.115690112114
0.116001099348
0.116315007210
0.116628557444
0.116936534643
0.117239117622
0.117531299591
0.117808967829
0.118070363998
0.118312031031
0.118530035019
0.118722081184
0.118884056807
0.119013071060
0.200601518154
0.160058379173
0.138306468725
0.126979410648
0.121411532164
0.118979394436
0.118206709623
0.118266820908
0.118696659803
0.119243532419
0.119771659374
0.120212435722
0.120533794165
0.120725899935
0.120791614056
0.120737701654
0.120574891567
0.120316863060
0.119976639748
0.119566768408
0.119101017714
0.118590027094
0.118047595024
0.117482334375
0.116905093193
0.116324871778
0.115751504898
0.115192413330
0.114655822515
0.114146947861
0.113673686981
0.113239645958
0.112851351500
0.112513065338
0.112227559090
0.112000733614
0.111833721399
0.111729711294
0.111690163612
0.111718088388
0.111813664436
0.111977487803
0.112212538719
0.112516939640
0.112891316414
0.113335311413
0.113849252462
0.114430904388
0.115080386400
0.115796297789
0.116576254368
0.117421150208
0.118326723576
0.119292467833
0.120316743851
0.121396899223
0.122532397509
0.123718738556
0.124955594540
0.126240074635
0.127571105957
0.128946274519
0.130362957716
0.131819695234
0.145685344934
0.127212256193
0.116847544909
0.111120194197
0.108041375875
0.106461912394
0.105714857578
0.105412364006
0.105325460434
0.105326265097
0.105338186026
0.105319976807
0.105250269175
0.105118900537
0.104924738407
0.104669511318
0.104357779026
0.103995323181
0.103590846062
0.103150099516
0.102681457996
0.102192163467
0.101689875126
0.101181387901
0.100672066212
0.100170135498
0.099679499865
0.099206030369
0.098754376173
0.098329275846
0.097933977842
0.097571313381
0.097244262695
0.096954613924
0.096704751253
0.096495121717
0.096328288317
0.096202284098
0.096118897200
0.096077650785
0.096076548100
0.096116662025
0.096194803715
0.096311062574
0.096462041140
0.096647292376
0.096863865852
0.097110986710
0.097384840250
0.097683131695
0.098004162312
0.098344475031
0.098702311516
0.099074244499
0.099457919598
0.099851340055
0.100250840187
0.100653469563
0.101057559252
0.101459980011
0.101856976748
0.102248013020
0.102628320456
0.102995902300
0.416755259037
0.354946792126
0.316523939371
0.293429434299
0.279897540808
0.272158771753
0.267869204283
0.265610516071
0.264531701803
0.264124631882
0.264085978270
0.264231652021
0.264447659254
0.264665931463
0.264844954014
0.264959186316
0.264995753765
0.264946788549
0.264812916517
0.264597028494
0.264302283525
0.263937592506
0.263511210680
0.263030648232
0.262508213520
0.261952221394
0.261372089386
0.260777950287
0.260179489851
0.259585618973
0.259003937244
0.258441895247
0.257908165455
0.257408261299
0.256949007511
0.256535023451
0.256171524525
0.255862414837
0.255610048771
0.255419254303
0.255289763212
0.255225390196
0.255225658417
0.255292207003
0.255424022675
0.255622178316
0.255882591009
0.256206929684
0.256591349840
0.257035553455
0.257535517216
0.258088529110
0.258691936731
0.259342879057
0.260035872459
0.260768502951
0.261537164450
0.262337565422
0.263164430857
0.264015138149
0.264884471893
0.265768557787
0.266663849354
0.267565578222
0.397302210331
0.347347229719
0.317160129547
0.299067080021
0.288263678551
0.281805187464
0.277905404568
0.275489896536
0.273915201426
0.272804170847
0.271935105324
0.271182686090
0.270476996899
0.269780129194
0.269075512886
0.268356055021
0.267621189356
0.266874223948
0.266118109226
0.265359729528
0.264603376389
0.263853579760
0.263116657734
0.262396633625
0.261697053909
0.261022716761
0.260376960039
0.259763360023
0.259184211493
0.258643090725
0.258142292500
0.257683992386
0.257270187140
0.256903827190
0.256585627794
0.256318032742
0.256102800369
0.255940794945
0.255833894014
0.255783617496
0.255791485310
0.255857676268
0.255984395742
0.256172806025
0.256423681974
0.256738901138
0.257119148970
0.257565200329
0.258079290390
0.258661568165
0.259314179420
0.260037690401
0.260833263397
0.261702865362
0.262648165226
0.263669610023
0.264769434929
0.265949368477
0.267210513353
0.268555194139
0.269984453917
0.271499961615
0.273103713989
0.274798482656
0.328081786633
0.275406420231
0.243132948875
0.223845690489
0.212543398142
0.206074506044
0.202504187822
0.200660914183
0.199830532074
0.199580490589
0.199645578861
0.199863523245
0.200134158134
0.200396060944
0.200612396002
0.200759708881
0.200825303793
0.200803428888
0.200692057610
0.200491666794
0.200207352638
0.199843555689
0.199408769608
0.198910772800
0.198359131813
0.197763651609
0.197135776281
0.196486085653
0.195825248957
0.195164084435
0.194512099028
0.193880796432
0.193277686834
0.192710369825
0.192188292742
0.191716104746
0.191300660372
0.190948337317
0.190660536289
0.190442532301
0.190295785666
0.190223157406
0.190224736929
0.190301537514
0.190453082323
0.190677493811
0.190974861383
0.191341012716
0.191775739193
0.192274600267
0.192833811045
0.193450123072
0.194119483232
0.194837808609
0.195599079132
0.196399837732
0.197235733271
0.198099941015
0.198989719152
0.199898838997
0.200823247433
0.201759010553
0.202701121569
0.203645586967
0.154783576727
0.130424797535
0.115707516670
0.106823056936
0.101453036070
0.098199158907
0.096217811108
0.094995856285
0.094220608473
0.093698203564
0.093312799931
0.092994064093
0.092700988054
0.092411279678
0.092113256454
0.091802984476
0.091482490301
0.091154426336
0.090824425220
0.090497910976
0.090180486441
0.089877903461
0.089595347643
0.089337378740
0.089108943939
0.088912069798
0.088749170303
0.088624000549
0.088535457850
0.088484615088
0.088472723961
0.088499009609
0.088563114405
0.088662683964
0.088797897100
0.088965266943
0.089164823294
0.089394092560
0.089650601149
0.089931607246
0.090235769749
0.090560078621
0.090902328491
0.091259628534
0.091629892588
0.092010170221
0.092398703098
0.092791497707
0.093187212944
0.093581974506
0.093973428011
0.094359844923
0.094736635685
0.095103412867
0.095455855131
0.095790296793
0.096105664968
0.096398353577
0.096665740013
0.096903920174
0.097110927105
0.097283571959
0.097419738770
0.097514271736
0.356345027685
0.305130720139
0.273341923952
0.253985136747
0.242366135120
0.235496371984
0.231517463923
0.229281067848
0.228078335524
0.227471768856
0.227190643549
0.227065443993
0.226994842291
0.226913511753
0.226785302162
0.226588398218
0.226312488317
0.225955843925
0.225519269705
0.225008398294
0.224431931973
0.223796427250
0.223112463951
0.222391098738
0.221640706062
0.220871210098
0.220094054937
0.219316452742
0.218547374010
0.217795550823
0.217068016529
0.216370791197
0.215712338686
0.215096056461
0.214526742697
0.214009821415
0.213549703360
0.213146895170
0.212806344032
0.212529063225
0.212316632271
0.212170571089
0.212091296911
0.212078303099
0.212131798267
0.212250471115
0.212434500456
0.212682038546
0.212990969419
0.213359713554
0.213784515858
0.214264720678
0.214796304703
0.215376019478
0.216001242399
0.216667830944
0.217372685671
0.218111485243
0.218880474567
0.219675838947
0.220493406057
0.221328228712
0.222177147865
0.223036348820
0.229584515095
0.196873426437
0.178799420595
0.168959766626
0.163740724325
0.161103457212
0.159893661737
0.159460067749
0.159429758787
0.159590214491
0.159821152687
0.160054385662
0.160251826048
0.160394012928
0.160472214222
0.160482645035
0.160429298878
0.160314261913
0.160142630339
0.159922391176
0.159657776356
0.159355640411
0.159022867680
0.158664256334
0.158286601305
0.157894700766
0.157494902611
0.157091528177
0.156688213348
0.156291007996
0.155902326107
0.155525803566
0.155165165663
0.154824554920
0.154505372047
0.154211223125
0.153943270445
0.153705596924
0.153498649597
0.153325408697
0.153185993433
0.153083682060
0.153017938137
0.152991026640
0.153003901243
0.153057336807
0.153152734041
0.153288662434
0.153467088938
0.153688102961
0.153951138258
0.154257267714
0.154605865479
0.154996544123
0.155428320169
0.155901879072
0.156416356564
0.156970351934
0.157563716173
0.158194243908
0.158863306046
0.159567147493
0.160306483507
0.161078810692
0.447994500399
0.391697824001
0.356884986162
0.335800766945
0.323159635067
0.315586388111
0.310998827219
0.308140933514
0.306267499924
0.304940938950
0.303905189037
0.303013741970
0.302183479071
0.301368653774
0.300544381142
0.299701154232
0.298834800720
0.297945559025
0.297037720680
0.296115756035
0.295184075832
0.294248700142
0.293315589428
0.292390167713
0.291477948427
0.290582895279
0.289710581303
0.288866192102
0.288053154945
0.287275522947
0.286537885666
0.285844326019
0.285196781158
0.284600347281
0.284057259560
0.283571660519
0.283143967390
0.282779186964
0.282480061054
0.282246708870
0.282084852457
0.281994313002
0.281978636980
0.282039284706
0.282179445028
0.282399952412
0.282703429461
0.283092409372
0.283568471670
0.284133970737
0.284790664911
0.285540342331
0.286384999752
0.287327945232
0.288370072842
0.289513826370
0.290760934353
0.292115747929
0.293577939272
0.295151829720
0.296839565039
0.298642992973
0.300564050674
0.302607834339
0.366603344679
0.314120620489
0.282173037529
0.263150334358
0.251935929060
0.245330274105
0.241409689188
0.239042967558
0.237568050623
0.236600190401
0.235918164253
0.235389709473
0.234943807125
0.234537631273
0.234149694443
0.233768314123
0.233390301466
0.233012944460
0.232637941837
0.232264488935
0.231895357370
0.231531023979
0.231170505285
0.230815172195
0.230464190245
0.230116665363
0.229773908854
0.229433447123
0.229098141193
0.228766858578
0.228439599276
0.228118151426
0.227802366018
0.227495431900
0.227196365595
0.226906538010
0.226626187563
0.226356923580
0.226097941399
0.225850373507
0.225613802671
0.225387811661
0.225172072649
0.224966675043
0.224770456553
0.224582940340
0.224402874708
0.224230378866
0.224063903093
0.223902761936
0.223746597767
0.223595172167
0.223448783159
0.223306059837
0.223168671131
0.223034918308
0.222906768322
0.222783714533
0.222666800022
0.222555816174
0.222452193499
0.222357004881
0.222269237041
0.222189933062
0.329008162022
0.284126490355
0.256603270769
0.239944368601
0.229941010475
0.223977535963
0.220450043678
0.218381792307
0.217175990343
0.216467291117
0.216031104326
0.215727150440
0.215473562479
0.215217918158
0.214930266142
0.214596360922
0.214208394289
0.213765084743
0.213268071413
0.212724566460
0.212139755487
0.211519569159
0.210873365402
0.210206001997
0.209528058767
0.208844780922
0.208162814379
0.207489997149
0.206830769777
0.206192016602
0.205577313900
0.204992860556
0.204442411661
0.203929930925
0.203458428383
0.203031778336
0.202652424574
0.202322006226
0.202044129372
0.201819419861
0.201649338007
0.201536029577
0.201479375362
0.201480865479
0.201539725065
0.201657295227
0.201832026243
0.202064305544
0.202354460955
0.202700257301
0.203101992607
0.203557610512
0.204065680504
0.204625785351
0.205235630274
0.205892384052
0.206595122814
0.207340925932
0.208127826452
0.208953887224
0.209815174341
0.210709065199
0.211633354425
0.212583988905
0.120665103197
0.102988094091
0.092765927315
0.086821347475
0.083320409060
0.081212669611
0.079892605543
0.079011857510
0.078369766474
0.077849298716
0.077384889126
0.076939105988
0.076493054628
0.076035976410
0.075567662716
0.075088739395
0.074600845575
0.074111312628
0.073622822762
0.073142796755
0.072674453259
0.072223216295
0.071794509888
0.071391433477
0.071016818285
0.070673704147
0.070364356041
0.070090621710
0.069853603840
0.069654285908
0.069492667913
0.069367736578
0.069280326366
0.069228500128
0.069211781025
0.069227367640
0.069274127483
0.069351106882
0.069455444813
0.069584041834
0.069735020399
0.069906681776
0.070095509291
0.070300370455
0.070517420769
0.070744812489
0.070979952812
0.071220934391
0.071464389563
0.071709305048
0.071951597929
0.072190672159
0.072424739599
0.072650671005
0.072867512703
0.073071986437
0.073264181614
0.073440283537
0.073601722717
0.073743253946
0.073865383863
0.073966115713
0.074043542147
0.074096769094
0.241608589888
0.217842936516
0.203734815121
0.195296674967
0.190183967352
0.187025815248
0.185020565987
0.183694481850
0.182765364647
0.182066470385
0.181496053934
0.180994421244
0.180526107550
0.180070132017
0.179616570473
0.179159790277
0.178698658943
0.178232938051
0.177765786648
0.177299141884
0.176835954189
0.176380962133
0.175935357809
0.175503164530
0.175087779760
0.174691855907
0.174317061901
0.173966437578
0.173641800880
0.173344582319
0.173077523708
0.172840684652
0.172635674477
0.172463357449
0.172324508429
0.172218650579
0.172147691250
0.172110378742
0.172107189894
0.172137618065
0.172200828791
0.172297865152
0.172427028418
0.172587305307
0.172777295113
0.172996222973
0.173243671656
0.173518210649
0.173818141222
0.174142450094
0.174488633871
0.174856662750
0.175243973732
0.175649344921
0.176070690155
0.176506757736
0.176955103874
0.177414894104
0.177884340286
0.178360879421
0.178842872381
0.179329454899
0.179817616940
0.180305808783
0.228866606951
0.196281909943
0.176822036505
0.165329933167
0.158594042063
0.154669076204
0.152382194996
0.151036024094
0.150213181973
0.149670451880
0.149263679981
0.148913800716
0.148578524590
0.148235470057
0.147876292467
0.147500753403
0.147110402584
0.146710366011
0.146305680275
0.145901650190
0.145504117012
0.145117014647
0.144745171070
0.144391298294
0.144060879946
0.143755972385
0.143478542566
0.143231689930
0.143015474081
0.142832249403
0.142681747675
0.142564833164
0.142481505871
0.142430484295
0.142411291599
0.142422318459
0.142462909222
0.142530053854
0.142622977495
0.142738759518
0.142876893282
0.143032342196
0.143204420805
0.143389344215
0.143586307764
0.143791943789
0.144002616405
0.144219130278
0.144434452057
0.144649475813
0.144861012697
0.145065754652
0.145260781050
0.145446091890
0.145615756512
0.145770519972
0.145906001329
0.146019965410
0.146109074354
0.146172642708
0.146206140518
0.146205633879
0.146170437336
0.146096527576
0.278612524271
0.236549943686
0.213570117950
0.200787782669
0.193589270115
0.189506769180
0.187186926603
0.185872495174
0.185130923986
0.184713780880
0.184472262859
0.184321999550
0.184212088585
0.184114575386
0.184011936188
0.183897137642
0.183766186237
0.183620214462
0.183457642794
0.183282852173
0.183098971844
0.182908356190
0.182714611292
0.182520896196
0.182331413031
0.182148486376
0.181974947453
0.181813627481
0.181667238474
0.181537896395
0.181426525116
0.181337177753
0.181270420551
0.181227445602
0.181210130453
0.181219935417
0.181256592274
0.181323200464
0.181419163942
0.181545406580
0.181702613831
0.181890428066
0.182111293077
0.182364046574
0.182650059462
0.182968199253
0.183319807053
0.183704048395
0.184121280909
0.184571862221
0.185055136681
0.185570895672
0.186119347811
0.186700940132
0.187314838171
0.187960594893
0.188638985157
0.189348220825
0.190089851618
0.190863519907
0.191666543484
0.192501038313
0.193366795778
0.194262593985
0.110707372427
0.091646790504
0.080753922462
0.074500024319
0.070885747671
0.068774342537
0.067514181137
0.066728085279
0.066199034452
0.065797775984
0.065451383591
0.065118581057
0.064778149128
0.064419925213
0.064040541649
0.063640803099
0.063225448132
0.062799841166
0.062368039042
0.061937872320
0.061514202505
0.061103496701
0.060710970312
0.060341212898
0.059998903424
0.059687677771
0.059410665184
0.059171322733
0.058969650418
0.058809909970
0.058691296726
0.058614138514
0.058579359204
0.058584783226
0.058630738407
0.058714065701
0.058835450560
0.058990780264
0.059178862721
0.059396747500
0.059641096741
0.059910301119
0.060200933367
0.060511443764
0.060836140066
0.061174605042
0.061523262411
0.061878774315
0.062238965183
0.062601089478
0.062962621450
0.063320100307
0.063672542572
0.064017444849
0.064351737499
0.064673841000
0.064981848001
0.065272569656
0.065545886755
0.065798044205
0.066029131413
0.066235572100
0.066415846348
0.066569209099
0.151283323765
0.127798050642
0.113731384277
0.105308532715
0.100261062384
0.097237169743
0.095425665379
0.094334721565
0.093661904335
0.093221962452
0.092900127172
0.092626750469
0.092358827591
0.092072874308
0.091756373644
0.091403871775
0.091014444828
0.090592890978
0.090141743422
0.089670121670
0.089183449745
0.088689833879
0.088196665049
0.087710767984
0.087240666151
0.086791515350
0.086369901896
0.085980385542
0.085628598928
0.085317581892
0.085051029921
0.084830820560
0.084658741951
0.084536343813
0.084462940693
0.084440469742
0.084465682507
0.084539562464
0.084660857916
0.084826320410
0.085033297539
0.085281401873
0.085567623377
0.085888832808
0.086242377758
0.086625605822
0.087035298347
0.087468713522
0.087922424078
0.088393867016
0.088879495859
0.089376688004
0.089882552624
0.090394020081
0.090906620026
0.091419517994
0.091928541660
0.092430651188
0.092923551798
0.093403875828
0.093867957592
0.094312846661
0.094736337662
0.095134645700
0.237170428038
0.193528473377
0.167664647102
0.152760505676
0.144430309534
0.139985144138
0.137805193663
0.136922389269
0.136760592461
0.136974602938
0.137359946966
0.137794137001
0.138207376003
0.138556510210
0.138821333647
0.138989716768
0.139059275389
0.139028787613
0.138903111219
0.138686835766
0.138387203217
0.138011366129
0.137567102909
0.137065827847
0.136514067650
0.135923385620
0.135303884745
0.134664922953
0.134017080069
0.133370667696
0.132734596729
0.132119119167
0.131532371044
0.130981892347
0.130476832390
0.130022525787
0.129626363516
0.129293918610
0.129029005766
0.128836214542
0.128720015287
0.128681778908
0.128724545240
0.128849565983
0.129057407379
0.129349678755
0.129724949598
0.130183368921
0.130723893642
0.131345778704
0.132045596838
0.132822483778
0.133673250675
0.134595036507
0.135585516691
0.136640459299
0.137757182121
0.138930946589
0.140159785748
0.141437768936
0.142761200666
0.144125998020
0.145528078079
0.146962106228
0.349534362555
0.295933276415
0.264465749264
0.246443569660
0.236380994320
0.230937242508
0.228122323751
0.226762712002
0.226173669100
0.225958228111
0.225889682770
0.225840657949
0.225740939379
0.225555032492
0.225266337395
0.224869400263
0.224363595247
0.223754376173
0.223045796156
0.222245603800
0.221360862255
0.220398515463
0.219367682934
0.218273401260
0.217125594616
0.215931087732
0.214697122574
0.213431507349
0.212142020464
0.210836082697
0.209520459175
0.208204060793
0.206894814968
0.205600470304
0.204326361418
0.203083485365
0.201878219843
0.200719147921
0.199612975121
0.198568284512
0.197592794895
0.196693778038
0.195879638195
0.195157319307
0.194534301758
0.194018244743
0.193615883589
0.193332910538
0.193177670240
0.193156510592
0.193274080753
0.193537384272
0.193952441216
0.194524794817
0.195257663727
0.196157455444
0.197228431702
0.198475241661
0.199902117252
0.201511621475
0.203309267759
0.205297648907
0.207479834557
0.209860891104
0.353562474251
0.313435137272
0.289699792862
0.275789737701
0.267675101757
0.262932717800
0.260116040707
0.258377641439
0.257218867540
0.256357401609
0.255633980036
0.254963815212
0.254302859306
0.253632217646
0.252943962812
0.252240359783
0.251525491476
0.250804841518
0.250084578991
0.249369755387
0.248667180538
0.247980013490
0.247313886881
0.246671840549
0.246056511998
0.245472267270
0.244919687510
0.244399920106
0.243916168809
0.243468567729
0.243057042360
0.242684900761
0.242350071669
0.242054432631
0.241797536612
0.241579085588
0.241399556398
0.241258740425
0.241155982018
0.241090685129
0.241064727306
0.241075992584
0.241123884916
0.241208881140
0.241329759359
0.241487711668
0.241680949926
0.241909861565
0.242173522711
0.242472648621
0.242805838585
0.243173748255
0.243576362729
0.244012087584
0.244481191039
0.244984433055
0.245521590114
0.246092021465
0.246695891023
0.247332096100
0.248002886772
0.248706325889
0.249442175031
0.250211209059
0.458979636431
0.391725838184
0.349144637585
0.322634935379
0.306186199188
0.295962929726
0.289605021477
0.285680711269
0.283309578896
0.281943172216
0.281233698130
0.280951768160
0.280943721533
0.281106352806
0.281364411116
0.281668007374
0.281980186701
0.282274752855
0.282535195351
0.282748401165
0.282908409834
0.283012092113
0.283057481050
0.283048242331
0.282987236977
0.282878577709
0.282728970051
0.282544285059
0.282330662012
0.282094448805
0.281843066216
0.281581580639
0.281315565109
0.281050592661
0.280790746212
0.280539423227
0.280302137136
0.280078977346
0.279872506857
0.279686152935
0.279518693686
0.279370576143
0.279242247343
0.279133051634
0.279041856527
0.278967320919
0.278906673193
0.278860241175
0.278823077679
0.278794318438
0.278770357370
0.278749316931
0.278729230165
0.278705567122
0.278677135706
0.278640747070
0.278594493866
0.278535217047
0.278462260962
0.278373628855
0.278267085552
0.278142422438
0.277999222279
0.277835607529
0.347791969776
0.299124807119
0.269628077745
0.252004444599
0.241548448801
0.235366255045
0.231720507145
0.229568958282
0.228287965059
0.227502256632
0.226984262466
0.226596295834
0.226253390312
0.225908488035
0.225529849529
0.225104212761
0.224624335766
0.224088221788
0.223498404026
0.222858428955
0.222173571587
0.221451371908
0.220697700977
0.219920277596
0.219127446413
0.218324631453
0.217519551516
0.216718882322
0.215929538012
0.215157061815
0.214409291744
0.213689953089
0.213005721569
0.212361901999
0.211763411760
0.211213916540
0.210720330477
0.210284233093
0.209910660982
0.209603130817
0.209365755320
0.209200084209
0.209110170603
0.209098637104
0.209166735411
0.209316462278
0.209550559521
0.209869503975
0.210274696350
0.210767418146
0.211348414421
0.212017238140
0.212775260210
0.213621854782
0.214558064938
0.215581208467
0.216693252325
0.217891573906
0.219176769257
0.220546573400
0.222000211477
0.223536163568
0.225153088570
0.226848840714
0.286394119263
0.247842580080
0.224504888058
0.210513889790
0.202151089907
0.197142332792
0.194113343954
0.192240118980
0.191027522087
0.190181702375
0.189528286457
0.188963711262
0.188430309296
0.187896847725
0.187346726656
0.186772048473
0.186172544956
0.185548990965
0.184904903173
0.184244245291
0.183573454618
0.182895272970
0.182216733694
0.181541144848
0.180876255035
0.180225938559
0.179595172405
0.178989410400
0.178412079811
0.177867084742
0.177359789610
0.176892101765
0.176467150450
0.176085889339
0.175750732422
0.175461888313
0.175220549107
0.175025105476
0.174877017736
0.174772799015
0.174711853266
0.174692541361
0.174712657928
0.174769580364
0.174859762192
0.174981802702
0.175131201744
0.175305992365
0.175502389669
0.175717562437
0.175948351622
0.176191747189
0.176444709301
0.176702469587
0.176963001490
0.177224308252
0.177481561899
0.177733480930
0.177976369858
0.178207427263
0.178423404694
0.178622543812
0.178799778223
0.178953975439
0.258038252592
0.226343065500
0.207328438759
0.196008145809
0.189288973808
0.185295403004
0.182900249958
0.181425541639
0.180465102196
0.179775774479
0.179211586714
0.178689628839
0.178161561489
0.177600979805
0.176997423172
0.176346570253
0.175650238991
0.174913734198
0.174143850803
0.173346072435
0.172532558441
0.171709179878
0.170883685350
0.170066416264
0.169263720512
0.168482780457
0.167730122805
0.167011648417
0.166332006454
0.165695637465
0.165105968714
0.164566189051
0.164078146219
0.163642734289
0.163261711597
0.162933886051
0.162659347057
0.162436604500
0.162266314030
0.162144333124
0.162070065737
0.162039786577
0.162052273750
0.162104368210
0.162192195654
0.162312448025
0.162463605404
0.162640303373
0.162839770317
0.163058876991
0.163294017315
0.163540691137
0.163795977831
0.164056867361
0.164317786694
0.164577186108
0.164830446243
0.165073245764
0.165302723646
0.165514677763
0.165706098080
0.165872156620
0.166010320187
0.166116774082
0.132610261440
0.107667177916
0.092648446560
0.083472609520
0.077729314566
0.074020832777
0.071533173323
0.069786906242
0.068498104811
0.067495942116
0.066675752401
0.065978139639
0.065368741751
0.064826607704
0.064345419407
0.063921183348
0.063552200794
0.063241183758
0.062987387180
0.062791854143
0.062653809786
0.062571585178
0.062541902065
0.062561422586
0.062626123428
0.062730073929
0.062868356705
0.063037544489
0.063233047724
0.063451558352
0.063688904047
0.063943296671
0.064212679863
0.064496576786
0.064794152975
0.065103918314
0.065426915884
0.065763264894
0.066112160683
0.066476643085
0.066854417324
0.067247450352
0.067655891180
0.068080276251
0.068520367146
0.068977206945
0.069449514151
0.069937676191
0.070441663265
0.070960611105
0.071494370699
0.072041809559
0.072601377964
0.073173373938
0.073754698038
0.074344605207
0.074941128492
0.075542330742
0.076146036386
0.076750695705
0.077352136374
0.077948778868
0.078537970781
0.079115986824
0.291394829750
0.252336174250
0.228691935539
0.214539498091
0.206141501665
0.201209187508
0.198357850313
0.196744680405
0.195856660604
0.195378422737
0.195114493370
0.194947570562
0.194801956415
0.194634169340
0.194418311119
0.194141387939
0.193797618151
0.193386852741
0.192912518978
0.192380636930
0.191796392202
0.191167861223
0.190504550934
0.189812958241
0.189101696014
0.188378453255
0.187650471926
0.186925619841
0.186209797859
0.185509502888
0.184831053019
0.184179216623
0.183559775352
0.182976454496
0.182432323694
0.181932598352
0.181480288506
0.181077122688
0.180727094412
0.180430501699
0.180189907551
0.180007219315
0.179882436991
0.179815918207
0.179809659719
0.179862141609
0.179973840714
0.180144459009
0.180371969938
0.180656552315
0.180996716022
0.181390166283
0.181836754084
0.182332962751
0.182876676321
0.183466225863
0.184100002050
0.184772580862
0.185484200716
0.186228901148
0.187006056309
0.187809377909
0.188638597727
0.189488708973
0.068799167871
0.054342929274
0.047460410744
0.044312182814
0.042986456305
0.042515847832
0.042408142239
0.042419288307
0.042430255562
0.042392704636
0.042287949473
0.042115662247
0.041884932667
0.041605625302
0.041290853173
0.040953610092
0.040602747351
0.040249232203
0.039902035147
0.039566610008
0.039251361042
0.038960520178
0.038697306067
0.038464698941
0.038266632706
0.038103286177
0.037976149470
0.037884745747
0.037828598171
0.037806127220
0.037817511708
0.037859354168
0.037930611521
0.038026843220
0.038146261126
0.038286332041
0.038442824036
0.038612071425
0.038791272789
0.038977358490
0.039166096598
0.039353106171
0.039535257965
0.039710644633
0.039874289185
0.040023211390
0.040156397969
0.040267679840
0.040356729180
0.040420744568
0.040456268936
0.040462616831
0.040437076241
0.040378842503
0.040286574513
0.040158633143
0.039993558079
0.039792064577
0.039552841336
0.039275500923
0.038959715515
0.038606766611
0.038215402514
0.037787053734
0.172934681177
0.147291809320
0.132439076900
0.123973667622
0.119270384312
0.116777181625
0.115568786860
0.115093767643
0.115017890930
0.115141063929
0.115341514349
0.115547627211
0.115715056658
0.115821212530
0.115853369236
0.115805715322
0.115679055452
0.115475535393
0.115199446678
0.114856243134
0.114453971386
0.113999128342
0.113499850035
0.112964242697
0.112400472164
0.111816257238
0.111220389605
0.110620319843
0.110022902489
0.109436273575
0.108865916729
0.108319401741
0.107801467180
0.107317835093
0.106872588396
0.106470942497
0.106115162373
0.105808287859
0.105553150177
0.105351924896
0.105204939842
0.105112940073
0.105076581240
0.105094611645
0.105167716742
0.105294287205
0.105472803116
0.105701684952
0.105977982283
0.106300503016
0.106666684151
0.107072830200
0.107517749071
0.107998222113
0.108509957790
0.109049946070
0.109616309404
0.110204428434
0.110812127590
0.111435592175
0.112070828676
0.112714886665
0.113364011049
0.114015251398
0.232616901398
0.189759612083
0.163746297359
0.148193091154
0.138989448547
0.133596152067
0.130472332239
0.128684550524
0.127666473389
0.127077460289
0.126709938049
0.126442670822
0.126205444336
0.125962913036
0.125696569681
0.125403076410
0.125086307526
0.124752402306
0.124410927296
0.124070674181
0.123740375042
0.123425632715
0.123132348061
0.122862994671
0.122619301081
0.122401684523
0.122208774090
0.122039496899
0.121891885996
0.121763736010
0.121654838324
0.121563524008
0.121489137411
0.121435016394
0.121399790049
0.121386766434
0.121398031712
0.121434569359
0.121500313282
0.121597141027
0.121726453304
0.121890276670
0.122090011835
0.122326701880
0.122601121664
0.122912615538
0.123262405396
0.123648375273
0.124071806669
0.124530285597
0.125023573637
0.125549376011
0.126108258963
0.126696437597
0.127312928438
0.127957105637
0.128627598286
0.129321426153
0.130038499832
0.130776256323
0.131534755230
0.132310837507
0.133103400469
0.133912056684
0.284383028746
0.246947556734
0.224199414253
0.210494011641
0.202272117138
0.197353690863
0.194417387247
0.192658692598
0.191589623690
0.190909028053
0.190433025360
0.190050959587
0.189691454172
0.189315438271
0.188898235559
0.188428640366
0.187901765108
0.187315493822
0.186674088240
0.185982227325
0.185245484114
0.184473305941
0.183672308922
0.182851523161
0.182019799948
0.181184500456
0.180355995893
0.179540783167
0.178746432066
0.177979767323
0.177247941494
0.176555782557
0.175909578800
0.175312221050
0.174767166376
0.174278140068
0.173846572638
0.173474073410
0.173162281513
0.172910153866
0.172719091177
0.172586411238
0.172511696815
0.172493815422
0.172530472279
0.172618746758
0.172756940126
0.172940880060
0.173168122768
0.173436850309
0.173740386963
0.174076795578
0.174442529678
0.174834489822
0.175247579813
0.175677984953
0.176122546196
0.176577538252
0.177037656307
0.177500516176
0.177961558104
0.178416162729
0.178861498833
0.179293811321
0.638182580471
0.553128302097
0.495318084955
0.456212252378
0.429642379284
0.411444038153
0.398877620697
0.390138864517
0.384034961462
0.379761815071
0.376765578985
0.374662905931
0.373179942369
0.372121214867
0.371344059706
0.370746314526
0.370253026485
0.369810700417
0.369381964207
0.368939459324
0.368468046188
0.367955923080
0.367399573326
0.366797864437
0.366151094437
0.365465313196
0.364744931459
0.363995969296
0.363227307796
0.362443685532
0.361654788256
0.360867023468
0.360087752342
0.359322965145
0.358580231667
0.357864618301
0.357180982828
0.356535971165
0.355932712555
0.355375260115
0.354866683483
0.354409933090
0.354008346796
0.353662192822
0.353373259306
0.353143453598
0.352971494198
0.352859854698
0.352807313204
0.352812886238
0.352875947952
0.352995514870
0.353170514107
0.353399276733
0.353678345680
0.354007065296
0.354382812977
0.354802608490
0.355263471603
0.355762600899
0.356296211481
0.356860995293
0.357453465462
0.358069956303
0.354858070612
0.298068046570
0.262993782759
0.241921484470
0.229530751705
0.222412616014
0.218457043171
0.216380178928
0.215402811766
0.215055018663
0.215053975582
0.215229213238
0.215476721525
0.215735942125
0.215968877077
0.216153711081
0.216276884079
0.216333746910
0.216319888830
0.216235458851
0.216081261635
0.215862244368
0.215581089258
0.215244263411
0.214860498905
0.214434206486
0.213977098465
0.213494896889
0.212999343872
0.212497979403
0.212000191212
0.211513131857
0.211046129465
0.210605621338
0.210198044777
0.209827542305
0.209501028061
0.209221571684
0.208992153406
0.208814471960
0.208690822124
0.208621382713
0.208605706692
0.208644568920
0.208735615015
0.208877205849
0.209067106247
0.209302634001
0.209580093622
0.209896385670
0.210248172283
0.210630565882
0.211041569710
0.211475133896
0.211928993464
0.212398320436
0.212879776955
0.213369876146
0.213864803314
0.214362889528
0.214860588312
0.215356647968
0.215848177671
0.216335594654
0.583411753178
0.510069787502
0.461634725332
0.429752409458
0.408604502678
0.394399464130
0.384725540876
0.378050357103
0.373386383057
0.370085895061
0.367720007896
0.365992844105
0.364701300859
0.363703370094
0.362897574902
0.362211763859
0.361595481634
0.361012250185
0.360437572002
0.359854668379
0.359253287315
0.358628273010
0.357976615429
0.357298970222
0.356596589088
0.355875730515
0.355138033628
0.354391396046
0.353639006615
0.352889090776
0.352146685123
0.351419270039
0.350710809231
0.350028127432
0.349378824234
0.348766505718
0.348197698593
0.347677797079
0.347211480141
0.346802949905
0.346458077431
0.346179842949
0.345972359180
0.345840156078
0.345787048340
0.345815360546
0.345928966999
0.346130460501
0.346422821283
0.346808493137
0.347289919853
0.347869753838
0.348549962044
0.349332988262
0.350219964981
0.351213097572
0.352315038443
0.353527367115
0.354850947857
0.356288015842
0.357840418816
0.359508454800
0.361295253038
0.363200724125
0.271084487438
0.238957285881
0.220002681017
0.208673894405
0.201799154282
0.197554588318
0.194882184267
0.193159312010
0.192011058331
0.191212356091
0.190627425909
0.190169990063
0.189790457487
0.189455270767
0.189147800207
0.188855171204
0.188574016094
0.188299030066
0.188030868769
0.187770277262
0.187517672777
0.187275528908
0.187045186758
0.186829179525
0.186628311872
0.186445325613
0.186282426119
0.186140000820
0.186019659042
0.185922980309
0.185852169991
0.185805708170
0.185785502195
0.185793191195
0.185828030109
0.185890465975
0.185981661081
0.186101227999
0.186249792576
0.186426371336
0.186630517244
0.186863124371
0.187123239040
0.187410175800
0.187724262476
0.188064366579
0.188429802656
0.188819140196
0.189232677221
0.189669787884
0.190128654242
0.190608620644
0.191109150648
0.191628307104
0.192166745663
0.192721128464
0.193293064833
0.193879514933
0.194479912519
0.195094019175
0.195719867945
0.196357369423
0.197005331516
0.197661370039
0.349530428648
0.299191296101
0.267982035875
0.248980268836
0.237562805414
0.230800956488
0.226873248816
0.224658817053
0.223463922739
0.222859531641
0.222581148148
0.222460567951
0.222397565842
0.222328782082
0.222215920687
0.222037047148
0.221781581640
0.221446156502
0.221031934023
0.220543265343
0.219986826181
0.219371438026
0.218705892563
0.217999905348
0.217264443636
0.216508060694
0.215741157532
0.214972764254
0.214212119579
0.213467001915
0.212745726109
0.212053567171
0.211398690939
0.210785627365
0.210220575333
0.209706634283
0.209247291088
0.208846181631
0.208506941795
0.208229780197
0.208016723394
0.207869529724
0.207787930965
0.207771956921
0.207820832729
0.207934111357
0.208110302687
0.208347558975
0.208644807339
0.208999246359
0.209408044815
0.209868252277
0.210377871990
0.210931777954
0.211528539658
0.212162762880
0.212832152843
0.213531106710
0.214257180691
0.215005397797
0.215771585703
0.216552346945
0.217342764139
0.218139529228
0.186468392611
0.161618262529
0.146916180849
0.138340860605
0.133418619633
0.130651473999
0.129135578871
0.128322720528
0.127885013819
0.127625018358
0.127425372601
0.127219408751
0.126969963312
0.126660168171
0.126283109188
0.125839591026
0.125335663557
0.124779552221
0.124182045460
0.123552173376
0.122901320457
0.122238963842
0.121574968100
0.120919644833
0.120280504227
0.119665056467
0.119080126286
0.118530452251
0.118021756411
0.117557644844
0.117140889168
0.116774231195
0.116458714008
0.116194933653
0.115983426571
0.115823030472
0.115714877844
0.115655422211
0.115644514561
0.115678668022
0.115756213665
0.115875899792
0.116032958031
0.116226017475
0.116451233625
0.116706103086
0.116987109184
0.117290705442
0.117614895105
0.117955148220
0.118308186531
0.118671000004
0.119039922953
0.119411557913
0.119782894850
0.120149880648
0.120509654284
0.120858550072
0.121192276478
0.121508926153
0.121803015471
0.122073173523
0.122313469648
0.122522413731
0.441208213568
0.381093442440
0.343618214130
0.320821881294
0.307116866112
0.298900067806
0.293948382139
0.290927588940
0.289039194584
0.287809252739
0.286951720715
0.286295890808
0.285737872124
0.285212934017
0.284685939550
0.284132391214
0.283541381359
0.282907932997
0.282232850790
0.281517297029
0.280765235424
0.279982417822
0.279176086187
0.278352260590
0.277517288923
0.276678532362
0.275843232870
0.275016933680
0.274206608534
0.273418635130
0.272657394409
0.271929591894
0.271239697933
0.270591884851
0.269991695881
0.269441068172
0.268945962191
0.268508285284
0.268130153418
0.267815947533
0.267566531897
0.267384588718
0.267271429300
0.267228305340
0.267256021500
0.267355501652
0.267527699471
0.267772316933
0.268088638783
0.268478453159
0.268939763308
0.269472211599
0.270074814558
0.270746856928
0.271486669779
0.272293388844
0.273163974285
0.274099290371
0.275094866753
0.276150405407
0.277263283730
0.278430551291
0.279650032520
0.280919790268
0.316282212734
0.265294939280
0.234124988317
0.215478330851
0.204488694668
0.198106467724
0.194468438625
0.192450314760
0.191375344992
0.190836369991
0.190587401390
0.190484344959
0.190440714359
0.190407425165
0.190358191729
0.190278708935
0.190161943436
0.190007537603
0.189814805984
0.189584583044
0.189319849014
0.189021766186
0.188692301512
0.188335061073
0.187952309847
0.187547475100
0.187126606703
0.186692863703
0.186251908541
0.185810893774
0.185374528170
0.184949666262
0.184543222189
0.184159278870
0.183805257082
0.183484256268
0.183200925589
0.182960242033
0.182764679193
0.182616323233
0.182516008615
0.182464629412
0.182463854551
0.182511091232
0.182607501745
0.182751119137
0.182939469814
0.183170497417
0.183442026377
0.183750718832
0.184094011784
0.184469014406
0.184872686863
0.185301095247
0.185753107071
0.186224609613
0.186713069677
0.187215983868
0.187730967999
0.188256144524
0.188790351152
0.189331978559
0.189879417419
0.190431326628
0.144712299109
0.118405252695
0.103738993406
0.095609277487
0.091166943312
0.088806211948
0.087614476681
0.087065786123
0.086855053902
0.086805641651
0.086814373732
0.086823999882
0.086802393198
0.086734771729
0.086614251137
0.086439400911
0.086213767529
0.085940539837
0.085624247789
0.085270494223
0.084885627031
0.084472954273
0.084039330482
0.083589762449
0.083129703999
0.082664757967
0.082198828459
0.081737697124
0.081285506487
0.080846786499
0.080427736044
0.080031067133
0.079661071301
0.079322099686
0.079017728567
0.078749805689
0.078522592783
0.078338623047
0.078198820353
0.078106105328
0.078061699867
0.078064858913
0.078118890524
0.078221946955
0.078373581171
0.078574806452
0.078823328018
0.079118728638
0.079458177090
0.079841166735
0.080264806747
0.080727815628
0.081226885319
0.081760048866
0.082324266434
0.082916796207
0.083534777164
0.084175467491
0.084835886955
0.085512995720
0.086203783751
0.086906045675
0.087616086006
0.088330566883
