0.070039168000
0.050139144063
0.041287496686
0.037192896008
0.034251347184
0.030718760565
0.026873247698
0.023597018793
0.021389560774
0.020285801962
0.020074563101
0.020481901243
0.021262841299
0.022226827219
0.023238735273
0.024209814146
0.025084393099
0.025832848623
0.026444273070
0.026915030554
0.027252810076
0.027466194704
0.027569727972
0.027575390413
0.027496235445
0.027348415926
0.027143197134
0.026893036440
0.026609556749
0.026301519945
0.025979476050
0.025650875643
0.025323705748
0.025004284456
0.024698035792
0.024410204962
0.024145500734
0.023907857016
0.023699479178
0.023523109034
0.023381249979
0.023275094107
0.023206846789
0.023176686838
0.023185269907
0.023233132437
0.023319499567
0.023444907740
0.023608582094
0.023809509352
0.024047510698
0.024320678785
0.024628536776
0.024969058111
0.025341467932
0.025744097307
0.026174264029
0.026631848887
0.027115480974
0.027621524408
0.028149085119
0.028696434572
0.029260711744
0.029841559008
0.332760244608
0.266741603613
0.244958594441
0.235643342137
0.229228571057
0.223527684808
0.218761816621
0.215556278825
0.214113727212
0.214110389352
0.214932993054
0.215968921781
0.216785028577
0.217160239816
0.217046990991
0.216497197747
0.215608671308
0.214489594102
0.213233783841
0.211914494634
0.210589185357
0.209294751287
0.208053961396
0.206883624196
0.205789938569
0.204775348306
0.203837469220
0.202974513173
0.202183917165
0.201459065080
0.200796559453
0.200192645192
0.199642911553
0.199144378304
0.198694363236
0.198291316628
0.197931781411
0.197615280747
0.197340503335
0.197105720639
0.196911409497
0.196757271886
0.196642234921
0.196567669511
0.196531072259
0.196535125375
0.196578577161
0.196661546826
0.196784391999
0.196948722005
0.197151675820
0.197395637631
0.197679176927
0.198003306985
0.198367550969
0.198771193624
0.199214592576
0.199697390199
0.200218752027
0.200777962804
0.201376512647
0.202011182904
0.202682927251
0.203390553594
0.571443080902
0.452475696802
0.409768372774
0.391624242067
0.381794899702
0.375226289034
0.370404094458
0.366970568895
0.364888638258
0.364103645086
0.364424079657
0.365527123213
0.367023617029
0.368543475866
0.369801074266
0.370619982481
0.370933860540
0.370755642653
0.370153039694
0.369216114283
0.368041664362
0.366715639830
0.365313500166
0.363893300295
0.362496405840
0.361155718565
0.359889417887
0.358709365129
0.357621878386
0.356626778841
0.355722993612
0.354906409979
0.354173272848
0.353518694639
0.352936118841
0.352424472570
0.351974397898
0.351584583521
0.351253241301
0.350975602865
0.350749880075
0.350574642420
0.350449532270
0.350372880697
0.350344270468
0.350363940001
0.350431710482
0.350546747446
0.350712269545
0.350925952196
0.351189643145
0.351503759623
0.351868540049
0.352283567190
0.352749794722
0.353267520666
0.353836745024
0.354458063841
0.355130344629
0.355853766203
0.356629341841
0.357454210520
0.358330041170
0.359255403280
0.058564677835
0.040501192212
0.032620683312
0.028608398512
0.024737851694
0.019911246374
0.015055374242
0.011243478395
0.008888498880
0.007880047895
0.007895843126
0.008589462377
0.009674088098
0.010935858823
0.012229100801
0.013459757902
0.014572099783
0.015536920168
0.016343073919
0.016991930082
0.017491417006
0.017853038386
0.018091337755
0.018221693113
0.018259720877
0.018220739439
0.018117206171
0.017963426188
0.017770605162
0.017550485209
0.017312126234
0.017064886168
0.016816155985
0.016572194174
0.016339974478
0.016125338152
0.015930430964
0.015760736540
0.015620485879
0.015510098077
0.015433446504
0.015391723253
0.015385345556
0.015416101553
0.015483872034
0.015590385534
0.015734212473
0.015915947035
0.016133086756
0.016387479380
0.016676502302
0.016999917105
0.017356054857
0.017743902281
0.018161432818
0.018607812002
0.019080536440
0.019578592852
0.020099716261
0.020642595366
0.021204428747
0.021784799173
0.022380547598
0.022990183905
0.284368246794
0.228524461389
0.208473518491
0.198003962636
0.189870730042
0.183162882924
0.178616955876
0.176641121507
0.176831141114
0.178288295865
0.180113807321
0.181689813733
0.182720616460
0.183150544763
0.183050230145
0.182544425130
0.181756928563
0.180795505643
0.179741159081
0.178652182221
0.177569046617
0.176516786218
0.175510659814
0.174557760358
0.173662319779
0.172825172544
0.172044649720
0.171318069100
0.170644059777
0.170019105077
0.169441416860
0.168908074498
0.168418243527
0.167970374227
0.167562201619
0.167193606496
0.166864946485
0.166574075818
0.166322484612
0.166108742356
0.165933504701
0.165797129273
0.165699496865
0.165640845895
0.165622010827
0.165642276406
0.165702775121
0.165803149343
0.165943995118
0.166124358773
0.166345909238
0.166605785489
0.166906252503
0.167245343328
0.167624846101
0.168041899800
0.168497338891
0.168990865350
0.169521167874
0.170088008046
0.170689836144
0.171327844262
0.171998336911
0.172703340650
0.481169313192
0.380207985640
0.346311122179
0.333618670702
0.327594608068
0.323688358068
0.320633202791
0.318282276392
0.316774934530
0.316183477640
0.316395670176
0.317142933607
0.318087130785
0.318925708532
0.319440871477
0.319528788328
0.319172352552
0.318421751261
0.317357391119
0.316071599722
0.314648658037
0.313161641359
0.311667233706
0.310208112001
0.308812230825
0.307496994734
0.306273490191
0.305145114660
0.304112464190
0.303171068430
0.302317708731
0.301545649767
0.300849586725
0.300223261118
0.299663335085
0.299162894487
0.298718541861
0.298326224089
0.297982901335
0.297686308622
0.297435194254
0.297226697206
0.297060161829
0.296935945749
0.296852618456
0.296810895205
0.296809941530
0.296851724386
0.296933978796
0.297058850527
0.297227829695
0.297438949347
0.297693818808
0.297993391752
0.298336654902
0.298725157976
0.299158126116
0.299636036158
0.300159960985
0.300728470087
0.301342695951
0.302001029253
0.302703648806
0.303450912237
0.619593262672
0.493464916945
0.447978585958
0.428287297487
0.417239755392
0.409591704607
0.403813987970
0.399562448263
0.396810203791
0.395502537489
0.395444601774
0.396299093962
0.397656351328
0.399117857218
0.400364071131
0.401193171740
0.401510208845
0.401316374540
0.400669902563
0.399658530951
0.398382693529
0.396932452917
0.395389705896
0.393817454576
0.392265588045
0.390768200159
0.389348953962
0.388022035360
0.386795490980
0.385670572519
0.384648531675
0.383725315332
0.382895678282
0.382156699896
0.381501883268
0.380925565958
0.380425363779
0.379995912313
0.379633814096
0.379336088896
0.379100054502
0.378925353289
0.378808051348
0.378748863935
0.378746837378
0.378801733255
0.378913074732
0.379081040621
0.379306226969
0.379588872194
0.379928261042
0.380325883627
0.380781322718
0.381295472383
0.381866961718
0.382496923208
0.383186370134
0.383933216333
0.384737163782
0.385597914457
0.386516958475
0.387490838766
0.388521224260
0.389605015516
0.744119226933
0.599140822887
0.547474205494
0.525029242039
0.512223422527
0.503445923328
0.497209578753
0.493180185556
0.491236954927
0.491160184145
0.492563396692
0.494916826487
0.497650951147
0.500249207020
0.502320587635
0.503631830215
0.504094541073
0.503735959530
0.502656400204
0.500992894173
0.498892039061
0.496490448713
0.493905812502
0.491236716509
0.488559216261
0.485930353403
0.483388453722
0.480963975191
0.478672653437
0.476524442434
0.474524408579
0.472672313452
0.470968931913
0.469408541918
0.467988997698
0.466704815626
0.465553671122
0.464528888464
0.463628321886
0.462848871946
0.462187737226
0.461641460657
0.461209863424
0.460889071226
0.460679918528
0.460579603910
0.460587531328
0.460704058409
0.460927993059
0.461257129908
0.461692124605
0.462232559919
0.462876051664
0.463622480631
0.464470714331
0.465419977903
0.466467231512
0.467612296343
0.468852728605
0.470187097788
0.471613794565
0.473128765821
0.474731534719
0.476419538260
0.091574743390
0.068396881223
0.057539954782
0.052415683866
0.050141409039
0.048445418477
0.046460285783
0.044439151883
0.042823150754
0.041817739606
0.041401401162
0.041443958879
0.041788175702
0.042297795415
0.042867735028
0.043421760201
0.043913081288
0.044313088059
0.044608250260
0.044793859124
0.044873729348
0.044853404164
0.044743075967
0.044553771615
0.044296756387
0.043982163072
0.043622270226
0.043226793408
0.042805388570
0.042368069291
0.041921570897
0.041473999619
0.041030779481
0.040600135922
0.040185466409
0.039792612195
0.039425507188
0.039086654782
0.038780048490
0.038508549333
0.038272455335
0.038075461984
0.037917032838
0.037799730897
0.037722423673
0.037687495351
0.037693694234
0.037740364671
0.037827685475
0.037955537438
0.038122788072
0.038328781724
0.038570836186
0.038849607110
0.039163246751
0.039509311318
0.039887860417
0.040295615792
0.040732577443
0.041196182370
0.041684761643
0.042195990682
0.042728498578
0.043280318379
0.488709241152
0.385994523764
0.351272732019
0.338126271963
0.331841260195
0.327797442675
0.324688464403
0.322335571051
0.320854097605
0.320303827524
0.320568472147
0.321379274130
0.322398394346
0.323316246271
0.323913723230
0.324078291655
0.323791533709
0.323099583387
0.322081714869
0.320831388235
0.319433242083
0.317963391542
0.316480606794
0.315026074648
0.313632756472
0.312317818403
0.311092406511
0.309961587191
0.308925122023
0.307981222868
0.307124644518
0.306349724531
0.305652648211
0.305025190115
0.304463475943
0.303962916136
0.303517967463
0.303125888109
0.302784472704
0.302489250898
0.302238672972
0.302032321692
0.301868766546
0.301746755838
0.301666647196
0.301627665758
0.301630467176
0.301675885916
0.301762968302
0.301892012358
0.302065521479
0.302282363176
0.302542477846
0.302847713232
0.303198426962
0.303593009710
0.304033011198
0.304519444704
0.305050879717
0.305627316236
0.306249946356
0.306917220354
0.307630568743
0.308387964964
0.131472006440
0.102548375726
0.088310733438
0.080081835389
0.076285615563
0.075464621186
0.075774148107
0.076090648770
0.076138034463
0.076014354825
0.075861468911
0.075755134225
0.075712278485
0.075716570020
0.075739160180
0.075751975179
0.075730636716
0.075659945607
0.075531139970
0.075339451432
0.075084820390
0.074770584702
0.074400916696
0.073983326554
0.073523059487
0.073028400540
0.072506919503
0.071966126561
0.071411147714
0.070851281285
0.070289507508
0.069734290242
0.069189801812
0.068661049008
0.068151250482
0.067667439580
0.067209914327
0.066783204675
0.066390708089
0.066033437848
0.065714195371
0.065433755517
0.065194264054
0.064996197820
0.064840808511
0.064728990197
0.064659669995
0.064633980393
0.064651146531
0.064710274339
0.064812496305
0.064955845475
0.065138712525
0.065362229943
0.065623834729
0.065922334790
0.066257312894
0.066625848413
0.067027822137
0.067461386323
0.067924395204
0.068416133523
0.068933919072
0.069477215409
0.383619815111
0.306135386229
0.281366199255
0.272198528051
0.267059057951
0.262703031301
0.258708149195
0.255482941866
0.253402560949
0.252501338720
0.252492398024
0.252937465906
0.253423899412
0.253662735224
0.253511995077
0.252949923277
0.252028673887
0.250835984945
0.249461367726
0.247989073396
0.246484890580
0.244998112321
0.243563905358
0.242204263806
0.240930810571
0.239748612046
0.238659277558
0.237661197782
0.236749187112
0.235918477178
0.235163345933
0.234477952123
0.233856871724
0.233297124505
0.232792511582
0.232339635491
0.231936588883
0.231579735875
0.231266573071
0.230996564031
0.230768635869
0.230580762029
0.230434015393
0.230325594544
0.230258002877
0.230229511857
0.230239942670
0.230291262269
0.230382218957
0.230513706803
0.230685248971
0.230897977948
0.231151118875
0.231445565820
0.231780722737
0.232157662511
0.232575371861
0.233033493161
0.233532741666
0.234072819352
0.234653189778
0.235273197293
0.235933318734
0.236632123590
0.192062154412
0.153603449464
0.135930731893
0.124299302697
0.116385653615
0.112556770444
0.112251117826
0.113912597299
0.116072550416
0.117901578546
0.119130864739
0.119792833924
0.120015636086
0.119935467839
0.119658365846
0.119256570935
0.118778362870
0.118254736066
0.117701783776
0.117130354047
0.116547539830
0.115957871079
0.115362420678
0.114765658975
0.114168182015
0.113572552800
0.112983480096
0.112399473786
0.111826792359
0.111265733838
0.110719934106
0.110191121697
0.109682276845
0.109196856618
0.108736649156
0.108302846551
0.107898786664
0.107526674867
0.107187107205
0.106882885098
0.106615558267
0.106384769082
0.106193020940
0.106042101979
0.105931118131
0.105860367417
0.105831816792
0.105845466256
0.105899229646
0.105995431542
0.106132879853
0.106311574578
0.106530681252
0.106788709760
0.107087209821
0.107423022389
0.107796743512
0.108206585050
0.108651176095
0.109130397439
0.109642758965
0.110185936093
0.110759630799
0.111364021897
0.241868451238
0.194392815232
0.175312831998
0.163678005338
0.154616609216
0.148272529244
0.145288422704
0.145280018449
0.147058382630
0.149398878217
0.151486650109
0.152958944440
0.153762176633
0.153993204236
0.153794005513
0.153299108148
0.152618005872
0.151830807328
0.150989905000
0.150134995580
0.149287059903
0.148459568620
0.147660747170
0.146893993020
0.146160557866
0.145462349057
0.144797518849
0.144166126847
0.143567398190
0.143000915647
0.142467275262
0.141964867711
0.141495063901
0.141057565808
0.140652731061
0.140281096101
0.139944568276
0.139641776681
0.139374926686
0.139144256711
0.138950720429
0.138794794679
0.138677373528
0.138599053025
0.138560071588
0.138561144471
0.138602152467
0.138683214784
0.138805523515
0.138966634870
0.139169409871
0.139411941171
0.139693513513
0.140014603734
0.140374794602
0.140773072839
0.141207531095
0.141680017114
0.142187908292
0.142730489373
0.143307283521
0.143917933106
0.144559994340
0.145233109593
0.792160332203
0.640072584152
0.586038768291
0.562085211277
0.547744154930
0.537456870079
0.529939711094
0.525003194809
0.522569060326
0.522380769253
0.523962676525
0.526685059071
0.529879331589
0.532955527306
0.535471677780
0.537167608738
0.537944376469
0.537829160690
0.536926865578
0.535383641720
0.533352851868
0.530978083611
0.528385758400
0.525679111481
0.522937834263
0.520223736763
0.517578721046
0.515035033226
0.512611269951
0.510320484638
0.508169233799
0.506160318851
0.504293978214
0.502569317818
0.500983297825
0.499534457922
0.498218804598
0.497034996748
0.495980948210
0.495055109262
0.494255453348
0.493581086397
0.493032306433
0.492607802153
0.492307931185
0.492132157087
0.492079943419
0.492153137922
0.492349833250
0.492671459913
0.493116408587
0.493684500456
0.494375914335
0.495188504457
0.496122866869
0.497176021338
0.498347371817
0.499635666609
0.501038014889
0.502552390099
0.504177331924
0.505908191204
0.507744908333
0.509684026241
0.940620303154
0.765784144402
0.705187141895
0.677304804325
0.658188283443
0.642356634140
0.629350066185
0.619629025459
0.613402545452
0.610395014286
0.609933316708
0.611133873463
0.613105297089
0.615100085735
0.616598188877
0.617316603661
0.617164850235
0.616192638874
0.614529252052
0.612333714962
0.609770536423
0.606984913349
0.604100883007
0.601213991642
0.598395526409
0.595697700977
0.593152821064
0.590783178806
0.588599503040
0.586604416370
0.584798932076
0.583177566528
0.581734955311
0.580463647842
0.579358875751
0.578412532806
0.577618956566
0.576973855495
0.576472342014
0.576112151146
0.575890004635
0.575804650784
0.575856566429
0.576043069363
0.576366305351
0.576826810837
0.577426254749
0.578164935112
0.579044520855
0.580067336559
0.581233441830
0.582544147968
0.584002196789
0.585606396198
0.587357878685
0.589258253574
0.591305673122
0.593499481678
0.595840096474
0.598326265812
0.600954830647
0.603727221489
0.606636941433
0.609685480595
0.115504100919
0.088878944516
0.075902476907
0.068964496255
0.066084101796
0.065294042230
0.064925149083
0.064369276166
0.063704624772
0.063143208623
0.062797442079
0.062673583627
0.062724843621
0.062882140279
0.063085272908
0.063282564282
0.063439741731
0.063533738256
0.063552930951
0.063492074609
0.063352599740
0.063137248158
0.062854006886
0.062509253621
0.062112286687
0.061672404408
0.061198011041
0.060696735978
0.060178652406
0.059649422765
0.059117391706
0.058587804437
0.058067217469
0.057561174035
0.057074382901
0.056610479951
0.056173697114
0.055767491460
0.055394902825
0.055056825280
0.054758086801
0.054497078061
0.054276958108
0.054099038243
0.053962960839
0.053869619966
0.053819015622
0.053811803460
0.053846254945
0.053923204541
0.054041638970
0.054200902581
0.054398968816
0.054636195302
0.054909840226
0.055220261216
0.055564656854
0.055942848325
0.056351318955
0.056790545583
0.057257965207
0.057751551270
0.058270588517
0.058812752366
0.881007909775
0.715707004070
0.657767176628
0.631349444389
0.614072084427
0.600473940372
0.589761078358
0.582115888596
0.577616035938
0.575983285904
0.576615452766
0.578722774982
0.581491529942
0.584227263927
0.586431205273
0.587819874287
0.588296830654
0.587899148464
0.586744964123
0.584989786148
0.582794249058
0.580304324627
0.577645778656
0.574919044971
0.572201907635
0.569548487663
0.566998541355
0.564576983452
0.562299787998
0.560175955296
0.558206617832
0.556391417980
0.554729104042
0.553214192390
0.551843285561
0.550612747669
0.549517750740
0.548556268215
0.547724545002
0.547022342682
0.546447873116
0.545999586582
0.545680999756
0.545489668846
0.545427918434
0.545496642590
0.545697510242
0.546032130718
0.546501874924
0.547107219696
0.547851264477
0.548733115196
0.549755096436
0.550917088985
0.552219986916
0.553661942482
0.555243968964
0.556964159012
0.558821916580
0.560815095901
0.562943160534
0.565201282501
0.567590415478
0.570104956627
0.152166560292
0.120160654187
0.104502692819
0.094751074910
0.089482679963
0.088009849191
0.088659718633
0.089849784970
0.090799644589
0.091348364949
0.091584518552
0.091633215547
0.091580346227
0.091472640634
0.091329649091
0.091154232621
0.090943709016
0.090693488717
0.090402737260
0.090067878366
0.089689984918
0.089271500707
0.088815167546
0.088326469064
0.087809339166
0.087269976735
0.086713328958
0.086145475507
0.085570886731
0.084996357560
0.084424987435
0.083863034844
0.083314374089
0.082783415914
0.082273498178
0.081788733602
0.081331387162
0.080905094743
0.080511882901
0.080154851079
0.079834833741
0.079553201795
0.079311624169
0.079111590981
0.078954413533
0.078838661313
0.078766122460
0.078737035394
0.078751221299
0.078807190061
0.078906193376
0.079045787454
0.079227820039
0.079449072480
0.079709902406
0.080008640885
0.080343440175
0.080715075135
0.081119492650
0.081558421254
0.082027569413
0.082527294755
0.083055391908
0.083610072732
0.155582085252
0.123052135110
0.107183888555
0.097210004926
0.091688230634
0.090055778623
0.090701296926
0.092000439763
0.093089357018
0.093754902482
0.094068005681
0.094154372811
0.094110682607
0.093993857503
0.093830183148
0.093628421426
0.093390539289
0.093114331365
0.092798724771
0.092441812158
0.092045739293
0.091611579061
0.091143921018
0.090644314885
0.090119853616
0.089574530721
0.089014843106
0.088444188237
0.087867453694
0.087293043733
0.086721852422
0.086161807179
0.085614517331
0.085086122155
0.084577634931
0.084095314145
0.083640769124
0.083217099309
0.082826271653
0.082471325994
0.082152977586
0.081874087453
0.081634595990
0.081436648965
0.081280425191
0.081167176366
0.081096246839
0.081068351865
0.081083133817
0.081141903996
0.081241205335
0.081382825971
0.081565812230
0.081788495183
0.082050278783
0.082350149751
0.082687810063
0.083059862256
0.083467319608
0.083907559514
0.084378913045
0.084881618619
0.085412457585
0.085970297456
0.076233223081
0.055365756154
0.045944705606
0.041650488973
0.039041414857
0.036128297448
0.032836273313
0.029897945002
0.027824776247
0.026714818552
0.026415424421
0.026695506647
0.027333395556
0.028153555468
0.029026405886
0.029867189005
0.030623035505
0.031264439225
0.031777217984
0.032159700990
0.032417193055
0.032557919621
0.032594218850
0.032537832856
0.032402828336
0.032201722264
0.031946614385
0.031650081277
0.031321480870
0.030972080305
0.030609028414
0.030241983011
0.029877202585
0.029521660879
0.029180543497
0.028858976439
0.028560416773
0.028289871290
0.028049068525
0.027841584757
0.027669386938
0.027533905581
0.027436392382
0.027377562597
0.027358071879
0.027379171923
0.027439193800
0.027538375929
0.027677314356
0.027854101732
0.028068380430
0.028319494799
0.028605060652
0.028925793245
0.029278533533
0.029661493376
0.030074732378
0.030515210703
0.030981795862
0.031473115087
0.031986728311
0.032521083951
0.033074215055
0.033643618226
0.217398658395
0.174473419785
0.155976668000
0.144053772092
0.135191634297
0.129850342870
0.128215149045
0.129264071584
0.131515994668
0.133827343583
0.135620310903
0.136744752526
0.137268498540
0.137329235673
0.137069061399
0.136599436402
0.136003389955
0.135335102677
0.134632185102
0.133916690946
0.133201912045
0.132496908307
0.131804779172
0.131129756570
0.130472436547
0.129833474755
0.129214957356
0.128615990281
0.128038898110
0.127483919263
0.126951888204
0.126444891095
0.125963345170
0.125509336591
0.125083401799
0.124688878655
0.124325230718
0.123993471265
0.123697653413
0.123435869813
0.123211160302
0.123023703694
0.122874990106
0.122764721513
0.122694447637
0.122664704919
0.122675254941
0.122726991773
0.122819498181
0.122952535748
0.123127117753
0.123340800405
0.123595133424
0.123889222741
0.124221399426
0.124591484666
0.124999955297
0.125443771482
0.125923469663
0.126438155770
0.126985505223
0.127565041184
0.128176823258
0.128817811608
0.188352957368
0.150524035096
0.132999256253
0.121469810605
0.113754525781
0.110166624188
0.110023155808
0.111717179418
0.113812938333
0.115540876985
0.116676226258
0.117269888520
0.117454543710
0.117359772325
0.117085292935
0.116697683930
0.116240695119
0.115739062428
0.115208700299
0.114659562707
0.114095464349
0.113521471620
0.112938776612
0.112352326512
0.111762896180
0.111173287034
0.110585942864
0.110004261136
0.109430685639
0.108868077397
0.108318880200
0.107785716653
0.107273355126
0.106782034039
0.106314852834
0.105875924230
0.105465903878
0.105086937547
0.104741349816
0.104431226850
0.104156807065
0.103920474648
0.103722348809
0.103564575315
0.103447571397
0.103371515870
0.103337302804
0.103344812989
0.103393808007
0.103484407067
0.103616967797
0.103790178895
0.104003921151
0.104257836938
0.104550972581
0.104882255197
0.105251386762
0.105655744672
0.106096044183
0.106570139527
0.107076779008
0.107615783811
0.108184531331
0.108782246709
0.782855331898
0.632130205631
0.578535139561
0.554867625237
0.540837049484
0.530871331692
0.523642063141
0.518927216530
0.516636908054
0.516521275043
0.518117427826
0.520816922188
0.523967683315
0.526993811131
0.529460370541
0.531113743782
0.531854391098
0.531710207462
0.530785560608
0.529225289822
0.527180612087
0.524796187878
0.522197186947
0.519485175610
0.516741454601
0.514026284218
0.511382281780
0.508840799332
0.506420969963
0.504137098789
0.501993000507
0.499993532896
0.498136490583
0.496423035860
0.494849532843
0.493412703276
0.492110639811
0.490941256285
0.489899903536
0.488987594843
0.488200336695
0.487537473440
0.486998647451
0.486584514380
0.486291319132
0.486121386290
0.486073583364
0.486147373915
0.486342757940
0.486659258604
0.487096935511
0.487655311823
0.488333553076
0.489129513502
0.490043908358
0.491073757410
0.492219239473
0.493477553129
0.494846731424
0.496324688196
0.497908502817
0.499596923590
0.501387178898
0.503275871277
0.382744640112
0.305463701487
0.280757457018
0.271598726511
0.266446202993
0.262069910765
0.258059054613
0.254826575518
0.252747565508
0.251853615046
0.251853078604
0.252305418253
0.252795010805
0.253033548594
0.252882748842
0.252319186926
0.251397877932
0.250203639269
0.248829975724
0.247358933091
0.245856955647
0.244372978806
0.242942050099
0.241584196687
0.240313246846
0.239133790135
0.238047078252
0.237050965428
0.236140921712
0.235310927033
0.234557822347
0.233874335885
0.233254209161
0.232694938779
0.232191517949
0.231739416718
0.231336906552
0.230980053544
0.230668202043
0.230398908257
0.230171099305
0.229984655976
0.229837194085
0.229730263352
0.229662492871
0.229634597898
0.229646459222
0.229697898030
0.229788854718
0.229920938611
0.230093136430
0.230305925012
0.230559661984
0.230854943395
0.231190815568
0.231567874551
0.231986060739
0.232444658875
0.232944026589
0.233484759927
0.234065189958
0.234685555100
0.235345676541
0.236044481397
0.195796027780
0.156695798039
0.138882294297
0.127163544297
0.119064584374
0.114996328950
0.114516332746
0.116127863526
0.118340626359
0.120265200734
0.121587887406
0.122318759561
0.122582450509
0.122518554330
0.122238591313
0.121823802590
0.121326223016
0.120779886842
0.120204225183
0.119612351060
0.119009748101
0.118403270841
0.117795720696
0.117188349366
0.116582408547
0.115982189775
0.115388825536
0.114804163575
0.114231243730
0.113671913743
0.113128736615
0.112604036927
0.112100258470
0.111619427800
0.111164942384
0.110737279058
0.110339537263
0.109973445535
0.109641030431
0.109343007207
0.109082117677
0.108858123422
0.108672931790
0.108528032899
0.108422771096
0.108358636498
0.108336165547
0.108354464173
0.108414545655
0.108516231179
0.108658745885
0.108842566609
0.109065905213
0.109330371022
0.109633460641
0.109974458814
0.110352888703
0.110767677426
0.111217632890
0.111702039838
0.112219527364
0.112768128514
0.113347306848
0.113956645131
0.728896558285
0.586225152016
0.535356342793
0.513385534286
0.501001954079
0.492594331503
0.486626476049
0.482732743025
0.480790823698
0.480600386858
0.481805056334
0.483912318945
0.486385732889
0.488733857870
0.490585356951
0.491715222597
0.492039471865
0.491586238146
0.490449994802
0.488764315844
0.486670941114
0.484300941229
0.481768399477
0.479168385267
0.476572483778
0.474033862352
0.471591383219
0.469269722700
0.467084676027
0.465045243502
0.463153630495
0.461411029100
0.459813743830
0.458357244730
0.457038730383
0.455852478743
0.454793363810
0.453857630491
0.453039795160
0.452338069677
0.451747685671
0.451268106699
0.450894087553
0.450626403093
0.450461596251
0.450399726629
0.450440734625
0.450581163168
0.450821369886
0.451160997152
0.451599031687
0.452135294676
0.452768355608
0.453496903181
0.454320758581
0.455238491297
0.456248193979
0.457349210978
0.458539575338
0.459817320108
0.461182028055
0.462629884481
0.464160054922
0.465769857168
0.121816769242
0.094287112355
0.080795362592
0.073344245553
0.070136740804
0.069390729070
0.069331839681
0.069136992097
0.068750813603
0.068351343274
0.068068638444
0.067940548062
0.067945078015
0.068035259843
0.068160369992
0.068280294538
0.068362727761
0.068389132619
0.068346872926
0.068231597543
0.068043842912
0.067787244916
0.067467167974
0.067091360688
0.066666617990
0.066202476621
0.065707460046
0.065187469125
0.064652159810
0.064108386636
0.063562169671
0.063019707799
0.062487378716
0.061969950795
0.061472430825
0.060997202992
0.060550943017
0.060133472085
0.059750691056
0.059403374791
0.059093549848
0.058822467923
0.058593407273
0.058405295014
0.058260098100
0.058156862855
0.058097973466
0.058081284165
0.058107748628
0.058176293969
0.058286502957
0.058437421918
0.058628752828
0.058858409524
0.059127047658
0.059431150556
0.059770300984
0.060143724084
0.060549035668
0.060984507203
0.061449602246
0.061941638589
0.062459066510
0.063000515103
0.851718366146
0.690862119198
0.634182393551
0.608524739742
0.592193722725
0.579706490040
0.570102214813
0.563430130482
0.559709727764
0.558666288853
0.559736371040
0.562176764011
0.565221607685
0.568203210831
0.570639610291
0.572251439095
0.572937965393
0.572732090950
0.571748077869
0.570137441158
0.568057477474
0.565656781197
0.563060760498
0.560369908810
0.557664453983
0.555001437664
0.552422940731
0.549956381321
0.547619342804
0.545422017574
0.543367862701
0.541459143162
0.539693355560
0.538070142269
0.536584079266
0.535233676434
0.534015893936
0.532928228378
0.531968235970
0.531135320663
0.530429065228
0.529849588871
0.529395282269
0.529069125652
0.528871119022
0.528802156448
0.528864026070
0.529057919979
0.529384076595
0.529845476151
0.530440747738
0.531171917915
0.532039582729
0.533042848110
0.534182846546
0.535456836224
0.536866486073
0.538408100605
0.540082275867
0.541885793209
0.543817341328
0.545874238014
0.548052728176
0.550351738930
0.144895866513
0.113990798593
0.098803415895
0.089556291699
0.084822490811
0.083646073937
0.084246113896
0.085170164704
0.085812583566
0.086116269231
0.086200788617
0.086178496480
0.086115494370
0.086036458611
0.085943713784
0.085828319192
0.085679367185
0.085489347577
0.085251703858
0.084964469075
0.084627941251
0.084243372083
0.083815291524
0.083348944783
0.082849457860
0.082323387265
0.081776216626
0.081215038896
0.080645576119
0.080071941018
0.079501226544
0.078939035535
0.078388705850
0.077855780721
0.077343001962
0.076855257154
0.076395049691
0.075965717435
0.075569644570
0.075209036469
0.074886754155
0.074602499604
0.074359014630
0.074157014489
0.073997393250
0.073881104589
0.073807969689
0.073776379228
0.073788776994
0.073844030499
0.073941960931
0.074080958962
0.074261203408
0.074481800199
0.074740305543
0.075037136674
0.075370147824
0.075738623738
0.076141253114
0.076576605439
0.077042356133
0.077538147569
0.078061118722
0.078610315919
0.200810804963
0.160839810967
0.142847970128
0.131037369370
0.122712865472
0.118328407407
0.117598965764
0.119122579694
0.121383741498
0.123423948884
0.124868109822
0.125692144036
0.126013651490
0.125974133611
0.125695243478
0.125264242291
0.124741569161
0.124165192246
0.123559549451
0.122938707471
0.122310951352
0.121682420373
0.121055379510
0.120432630181
0.119817271829
0.119209185243
0.118610516191
0.118024125695
0.117450609803
0.116892948747
0.116353288293
0.115833953023
0.115335777402
0.114861741662
0.114414349198
0.113995268941
0.113606110215
0.113248005509
0.112924411893
0.112636283040
0.112383142114
0.112168565392
0.111991778016
0.111854985356
0.111757948995
0.111702457070
0.111687198281
0.111713126302
0.111781552434
0.111890569329
0.112040773034
0.112231388688
0.112462595105
0.112733915448
0.113043382764
0.113391175866
0.113777056336
0.114198341966
0.114655092359
0.115146055818
0.115670576692
0.116226986051
0.116814032197
0.117430165410
0.308762282133
0.247874930501
0.227070286870
0.217273011804
0.210009053349
0.203701213002
0.198865547776
0.196098759770
0.195364013314
0.196062460542
0.197413817048
0.198770180345
0.199739530683
0.200174525380
0.200083926320
0.199560478330
0.198720827699
0.197674110532
0.196510866284
0.195298805833
0.194088116288
0.192909613252
0.191782310605
0.190718188882
0.189722970128
0.188795104623
0.187936440110
0.187142744660
0.186411932111
0.185738578439
0.185119941831
0.184553936124
0.184036269784
0.183566704392
0.183140888810
0.182757571340
0.182416155934
0.182116344571
0.181855753064
0.181635573506
0.181453898549
0.181312039495
0.181209400296
0.181145623326
0.181121423841
0.181137636304
0.181192532182
0.181287780404
0.181422665715
0.181598320603
0.181814387441
0.182069435716
0.182364776731
0.182700172067
0.183075323701
0.183488979936
0.183941677213
0.184432938695
0.184961810708
0.185527935624
0.186131253839
0.186770096421
0.187445059419
0.188154295087
0.117903724313
0.090934649110
0.077760532498
0.070626750588
0.067628994584
0.066864803433
0.066619768739
0.066202297807
0.065643981099
0.065141811967
0.064817681909
0.064691081643
0.064722791314
0.064853444695
0.065025463700
0.065193071961
0.065320923924
0.065389111638
0.065384164453
0.065302148461
0.065143659711
0.064912512898
0.064614608884
0.064257457852
0.063850298524
0.063400939107
0.062917187810
0.062409058213
0.061883822083
0.061348572373
0.060810700059
0.060275748372
0.059751048684
0.059239700437
0.058748379350
0.058280184865
0.057839348912
0.057428911328
0.057051077485
0.056709721684
0.056405559182
0.056140974164
0.055917337537
0.055734947324
0.055595174432
0.055498018861
0.055443480611
0.055433049798
0.055463984609
0.055537775159
0.055652752519
0.055808439851
0.056003764272
0.056238129735
0.056509032845
0.056817188859
0.057159319520
0.057535484433
0.057942941785
0.058380678296
0.058846786618
0.059339717031
0.059858098626
0.060399487615
0.112674787641
0.086453810334
0.073714926839
0.067005649209
0.064253047109
0.063418343663
0.062893405557
0.062170282006
0.061383798718
0.060754492879
0.060385778546
0.060269549489
0.060345843434
0.060537293553
0.060776963830
0.061010733247
0.061203077435
0.061329379678
0.061377599835
0.061342790723
0.061225727201
0.061030402780
0.060763493180
0.060434713960
0.060051038861
0.059623494744
0.059159293771
0.058668091893
0.058158531785
0.057636871934
0.057111814618
0.056589439511
0.056075349450
0.055575564504
0.055094972253
0.054637029767
0.054205730557
0.053805246949
0.053437903523
0.053105905652
0.052811160684
0.052556529641
0.052341774106
0.052168920636
0.052038028836
0.051949098706
0.051904156804
0.051900818944
0.051940932870
0.052022412419
0.052144661546
0.052307620645
0.052509978414
0.052750423551
0.053027823567
0.053341045976
0.053688600659
0.054069116712
0.054480448365
0.054920747876
0.055390194058
0.055885329843
0.056404784322
0.056946054101
0.102325037122
0.077585652471
0.065747633576
0.059853509068
0.057451978326
0.056312397122
0.055132701993
0.053779795766
0.052564516664
0.051721408963
0.051300778985
0.051238968968
0.051427617669
0.051760092378
0.052149549127
0.052530720830
0.052860572934
0.053113952279
0.053275421262
0.053342357278
0.053315117955
0.053199544549
0.053003445268
0.052737727761
0.052410021424
0.052031591535
0.051613107324
0.051163390279
0.050691440701
0.050205841660
0.049713805318
0.049222961068
0.048739030957
0.048268094659
0.047814682126
0.047383919358
0.046979025006
0.046604827046
0.046262994409
0.045956328511
0.045685544610
0.045455649495
0.045264855027
0.045114949346
0.045007005334
0.044941917062
0.044918194413
0.044936254621
0.044997170568
0.045097425580
0.045239165425
0.045420542359
0.045640721917
0.045896723866
0.046189382672
0.046515956521
0.046876922250
0.047268643975
0.047690287232
0.048140361905
0.048616185784
0.049118176103
0.049642756581
0.050187900662
0.161935284734
0.128416612744
0.112176373601
0.101815238595
0.095828428864
0.093866899610
0.094464913011
0.095932796597
0.097266986966
0.098150029778
0.098612502217
0.098778858781
0.098760500550
0.098631814122
0.098434939981
0.098188474774
0.097902908921
0.097579076886
0.097218647599
0.096822693944
0.096392527223
0.095930233598
0.095439925790
0.094923272729
0.094385400414
0.093830481172
0.093263998628
0.092690542340
0.092113092542
0.091538801789
0.090970829129
0.090413525701
0.089870467782
0.089347019792
0.088845089078
0.088368073106
0.087919786572
0.087501659989
0.087116971612
0.086767509580
0.086455240846
0.086181595922
0.085947290063
0.085754409432
0.085603073239
0.085493281484
0.085427477956
0.085403338075
0.085422292352
0.085483387113
0.085587695241
0.085732594132
0.085918799043
0.086145415902
0.086411133409
0.086714759469
0.087055757642
0.087433055043
0.087844446301
0.088289692998
0.088766053319
0.089273706079
0.089810505509
0.090374484658
0.068170145154
0.048565998673
0.039882138371
0.035827949643
0.032762661576
0.029031472281
0.025017755106
0.021645383909
0.019405143335
0.018308954313
0.018128471449
0.018578069285
0.019405560568
0.020415203646
0.021471159533
0.022481875494
0.023393886164
0.024176316336
0.024817662314
0.025316970423
0.025679724291
0.025916473940
0.026040868834
0.026065306738
0.026005523279
0.025873916224
0.025684313849
0.025449411944
0.025179462507
0.024885134771
0.024574952200
0.024259047583
0.023944573477
0.023636298254
0.023341672495
0.023065047339
0.022810952738
0.022583143786
0.022384958342
0.022219317034
0.022086875513
0.021990614012
0.021931545809
0.021910147741
0.021928029135
0.021984474733
0.022079067305
0.022212760523
0.022384719923
0.022593872622
0.022839264944
0.023119704798
0.023435013369
0.023782448843
0.024161236361
0.024569706991
0.025006251410
0.025470392779
0.025958077982
0.026468770579
0.027001874521
0.027553336695
0.028123037890
0.028707759455
0.579914152622
0.459612756968
0.416314989328
0.397794753313
0.387659519911
0.380828231573
0.375785678625
0.372176200151
0.369960337877
0.369080394506
0.369341164827
0.370414048433
0.371905237436
0.373437851667
0.374718576670
0.375563770533
0.375903278589
0.375746756792
0.375158756971
0.374230533838
0.373057633638
0.371728867292
0.370318919420
0.368886977434
0.367477566004
0.366122215986
0.364840894938
0.363645941019
0.362543731928
0.361535221338
0.360619038343
0.359791725874
0.359049588442
0.358385711908
0.357797712088
0.357278555632
0.356825023890
0.356432765722
0.356099277735
0.355821520090
0.355597525835
0.355424433947
0.355302661657
0.355230420828
0.355208009481
0.355234593153
0.355310410261
0.355435281992
0.355610817671
0.355835884809
0.356111675501
0.356439322233
0.356818050146
0.357248753309
0.357731848955
0.358267396688
0.358854740858
0.359495729208
0.360187858343
0.360932558775
0.361729472876
0.362577587366
0.363476544619
0.364425450563
0.369723528624
0.295452505350
0.271628111601
0.262550920248
0.257160872221
0.252469986677
0.248222962022
0.244909062982
0.242892399430
0.242140546441
0.242291405797
0.242857411504
0.243410006166
0.243669882417
0.243513837457
0.242940321565
0.242013171315
0.240823939443
0.239467635751
0.238023653626
0.236556604505
0.235112562776
0.233723297715
0.232407763600
0.231178060174
0.230037227273
0.228986337781
0.228022828698
0.227140799165
0.226336613297
0.225606396794
0.224941745400
0.224339976907
0.223795846105
0.223305776715
0.222865894437
0.222474232316
0.222127571702
0.221825018525
0.221565023065
0.221345081925
0.221167221665
0.221028223634
0.220928981900
0.220870330930
0.220850065351
0.220869675279
0.220929339528
0.221029356122
0.221168711782
0.221348658204
0.221569314599
0.221830561757
0.222132638097
0.222475185990
0.222859039903
0.223283663392
0.223747983575
0.224252477288
0.224797740579
0.225382104516
0.226005807519
0.226668730378
0.227369681001
0.074230149388
0.053673222661
0.044439330697
0.040219143033
0.037515893579
0.034408822656
0.030938224867
0.027887778357
0.025768594816
0.024657206610
0.024383740500
0.024702863768
0.025385396555
0.026250855997
0.027167515829
0.028049306944
0.028843061998
0.029518323019
0.030062632635
0.030472891405
0.030756132677
0.030919568613
0.030976252630
0.030940191820
0.030823009089
0.030638830736
0.030399041250
0.030117528513
0.029802875593
0.029466049746
0.029115634039
0.028760807589
0.028408126906
0.028063969687
0.027733223513
0.027422385290
0.027134494856
0.026874082163
0.026643471792
0.026446061209
0.026283221319
0.026156799868
0.026068227366
0.026018934324
0.026008026674
0.026036577299
0.026105182245
0.026212828234
0.026359217241
0.026544051245
0.026765482500
0.027023034170
0.027316765860
0.027642624453
0.028001384810
0.028390662745
0.028808968142
0.029254751280
0.029726522043
0.030222432688
0.030740039423
0.031277731061
0.031834855676
0.032408371568
0.315849989653
0.253465384245
0.232398107648
0.222765818238
0.215759471059
0.209617152810
0.204770520329
0.201839223504
0.200869336724
0.201349928975
0.202546015382
0.203813627362
0.204745009542
0.205166772008
0.205072179437
0.204541638494
0.203686848283
0.202617183328
0.201425150037
0.200180843472
0.198933973908
0.197720304132
0.196558788419
0.195462778211
0.194437459111
0.193484321237
0.192602112889
0.191788271070
0.191039100289
0.190351024270
0.189720168710
0.189143612981
0.188617303967
0.188139036298
0.187706425786
0.187317088246
0.186971262097
0.186666563153
0.186402574182
0.186177864671
0.185994043946
0.185848966241
0.185742869973
0.185676231980
0.185649469495
0.185661986470
0.185714200139
0.185807004571
0.185938552022
0.186111286283
0.186323538423
0.186576083302
0.186869099736
0.187201872468
0.187573984265
0.187985494733
0.188435927033
0.188924565911
0.189452007413
0.190016940236
0.190618768334
0.191257014871
0.191931620240
0.192640796304
0.207772865891
0.166575744748
0.148357763886
0.136465504766
0.127874985337
0.123069182038
0.121970251203
0.123326078057
0.125615671277
0.127792909741
0.129394784570
0.130347803235
0.130751743913
0.130751982331
0.130477264524
0.130027726293
0.129472568631
0.128856495023
0.128209963441
0.127549484372
0.126886084676
0.126226082444
0.125571861863
0.124928548932
0.124296143651
0.123675659299
0.123069658875
0.122478738427
0.121904626489
0.121349528432
0.120813325047
0.120300069451
0.119810059667
0.119344666600
0.118906989694
0.118498638272
0.118120446801
0.117774382234
0.117462828755
0.117185369134
0.116945400834
0.116742506623
0.116578057408
0.116451993585
0.116366758943
0.116322711110
0.116318598390
0.116355434060
0.116433873773
0.116553857923
0.116713598371
0.116914704442
0.117155507207
0.117436125875
0.117756024003
0.118113651872
0.118508592248
0.118939772248
0.119406297803
0.119907632470
0.120441511273
0.121007755399
0.121605232358
0.122231915593
0.305644184351
0.245411232114
0.224715188146
0.214839830995
0.207461372018
0.201086476445
0.196265712380
0.193580463529
0.192954137921
0.193750634789
0.195170000196
0.196561649442
0.197546198964
0.197984233499
0.197894766927
0.197374418378
0.196541026235
0.195504918694
0.194354429841
0.193158701062
0.191962435842
0.190800800920
0.189688518643
0.188638642430
0.187654927373
0.186739936471
0.185891345143
0.185106888413
0.184382393956
0.183715835214
0.183103278279
0.182541683316
0.182028546929
0.181561723351
0.181138113141
0.180757716298
0.180418804288
0.180120065808
0.179860904813
0.179641559720
0.179462388158
0.179321303964
0.179219260812
0.179157450795
0.179134204984
0.179150894284
0.179206863046
0.179303541780
0.179439976811
0.179616644979
0.179832950234
0.180089727044
0.180385783315
0.180722311139
0.181097760797
0.181513860822
0.181967213750
0.182458892465
0.182988300920
0.183555081487
0.184158757329
0.184797719121
0.185472801328
0.186181858182
0.358604401350
0.286860615015
0.263721674681
0.254645019770
0.248996570706
0.244011774659
0.239577010274
0.236234739423
0.234325245023
0.233746781945
0.234066620469
0.234756842256
0.235379770398
0.235669329762
0.235521569848
0.234948053956
0.234025970101
0.232850566506
0.231516197324
0.230103865266
0.228674307466
0.227269187570
0.225920811296
0.224646583200
0.223454311490
0.222348526120
0.221331015229
0.220396295190
0.219540849328
0.218760564923
0.218048825860
0.217402413487
0.216816261411
0.216285303235
0.215807154775
0.215379074216
0.214996650815
0.214659526944
0.214365079999
0.214112833142
0.213901355863
0.213730290532
0.213598921895
0.213506892323
0.213454678655
0.213441982865
0.213469162583
0.213535979390
0.213642373681
0.213790014386
0.213976874948
0.214204266667
0.214473262429
0.214781239629
0.215130642056
0.215520396829
0.215950027108
0.216420069337
0.216930642724
0.217479124665
0.218068137765
0.218695417047
0.219361141324
0.220063999295
0.473795324564
0.374576121569
0.341481238604
0.329215377569
0.323423951864
0.319627076387
0.316603809595
0.314238518476
0.312696188688
0.312056869268
0.312215119600
0.312897413969
0.313770145178
0.314529627562
0.314967066050
0.314979106188
0.314556270838
0.313749402761
0.312639921904
0.311320215464
0.309873551130
0.308371096849
0.306866735220
0.305402785540
0.304006189108
0.302692323923
0.301471799612
0.300346702337
0.299316972494
0.298379629850
0.297528535128
0.296759039164
0.296066254377
0.295441359282
0.294882148504
0.294383019209
0.293938249350
0.293546110392
0.293201953173
0.292904525995
0.292652517557
0.292441993952
0.292274564505
0.292147725821
0.292062193155
0.292017966509
0.292014211416
0.292052179575
0.292131870985
0.292253643274
0.292417496443
0.292624384165
0.292874723673
0.293168336153
0.293506175280
0.293888956308
0.294316202402
0.294787198305
0.295303970575
0.295865625143
0.296471565962
0.297122508287
0.297815889120
0.298555046320
0.093164160848
0.069753125310
0.058748736978
0.053517952561
0.051242187619
0.049644008279
0.047785118222
0.045862570405
0.044302001595
0.043316558003
0.042895451188
0.042918875813
0.043238535523
0.043720200658
0.044260397553
0.044787898660
0.045254901052
0.045632258058
0.045906141400
0.046073868871
0.046136036515
0.046100690961
0.045977607369
0.045775488019
0.045507505536
0.045182302594
0.044813647866
0.044409826398
0.043980076909
0.043533816934
0.043080285192
0.042625680566
0.042175963521
0.041738763452
0.041317775846
0.040918603539
0.040545359254
0.040200605989
0.039888158441
0.039610221982
0.039369121194
0.039166167378
0.039003208280
0.038880303502
0.038798823953
0.038757756352
0.038759365678
0.038801267743
0.038884714246
0.039008691907
0.039171293378
0.039372459054
0.039611414075
0.039886429906
0.040197029710
0.040539994836
0.040915206075
0.041320875287
0.041754975915
0.042215719819
0.042701557279
0.043211653829
0.043743327260
0.044294252992
0.734689950943
0.591137409210
0.539962291718
0.517813086510
0.505274653435
0.496734529734
0.490673810244
0.486738473177
0.484805971384
0.484668999910
0.485955804586
0.488163620234
0.490741223097
0.493188410997
0.495125979185
0.496325939894
0.496703356504
0.496284216642
0.495167583227
0.493486791849
0.491386622190
0.489000052214
0.486444383860
0.483813673258
0.481182187796
0.478604584932
0.476119905710
0.473755270243
0.471525698900
0.469441741705
0.467505127192
0.465718179941
0.464077323675
0.462580174208
0.461220532656
0.459995836020
0.458899468184
0.457928329706
0.457078546286
0.456346601248
0.455728441477
0.455221742392
0.454825550318
0.454537481070
0.454355925322
0.454279094934
0.454307824373
0.454438835382
0.454672127962
0.455008834600
0.455445736647
0.455983549356
0.456621140242
0.457356780767
0.458189278841
0.459118872881
0.460143536329
0.461261421442
0.462471574545
0.463770776987
0.465158432722
0.466632217169
0.468190282583
0.469830125570
0.159612074494
0.126457050443
0.110349610448
0.100125566125
0.094308450818
0.092471674085
0.093093529344
0.094504192472
0.095751181245
0.096554473042
0.096961453557
0.097097113729
0.097068563104
0.096943035722
0.096757009625
0.096527352929
0.096257939935
0.095951691270
0.095608070493
0.095226302743
0.094807937741
0.094356074929
0.093873277307
0.093363180757
0.092830434442
0.092278853059
0.091714218259
0.091141417623
0.090564981103
0.089989736676
0.089420810342
0.088862255216
0.088317349553
0.087792053819
0.087287858129
0.086808934808
0.086357191205
0.085937395692
0.085550203919
0.085198119283
0.084883585572
0.084607496858
0.084371879697
0.084176197648
0.084023132920
0.083911851048
0.083843305707
0.083818331361
0.083835497499
0.083895459771
0.083998039365
0.084141567349
0.084326580167
0.084551468492
0.084815338254
0.085117295384
0.085457637906
0.085832074285
0.086241915822
0.086685135961
0.087159886956
0.087665691972
0.088199749589
0.088761404157
0.488709241152
0.385994523764
0.351272732019
0.338126271963
0.331841260195
0.327797442675
0.324688464403
0.322335571051
0.320854097605
0.320303827524
0.320568472147
0.321379274130
0.322398394346
0.323316246271
0.323913723230
0.324078291655
0.323791533709
0.323099583387
0.322081714869
0.320831388235
0.319433242083
0.317963391542
0.316480606794
0.315026074648
0.313632756472
0.312317818403
0.311092406511
0.309961587191
0.308925122023
0.307981222868
0.307124644518
0.306349724531
0.305652648211
0.305025190115
0.304463475943
0.303962916136
0.303517967463
0.303125888109
0.302784472704
0.302489250898
0.302238672972
0.302032321692
0.301868766546
0.301746755838
0.301666647196
0.301627665758
0.301630467176
0.301675885916
0.301762968302
0.301892012358
0.302065521479
0.302282363176
0.302542477846
0.302847713232
0.303198426962
0.303593009710
0.304033011198
0.304519444704
0.305050879717
0.305627316236
0.306249946356
0.306917220354
0.307630568743
0.308387964964
0.279199391603
0.224402323365
0.204485967755
0.193861737847
0.185560896993
0.178814128041
0.174384966493
0.172618880868
0.173018470407
0.174625471234
0.176530078053
0.178129449487
0.179156497121
0.179574146867
0.179466679692
0.178962662816
0.178187623620
0.177245035768
0.176214829087
0.175153151155
0.174098685384
0.173073127866
0.172092989087
0.171163693070
0.170289054513
0.169470086694
0.168705418706
0.167993083596
0.167329326272
0.166713729501
0.166143789887
0.165616407990
0.165131106973
0.164686575532
0.164281740785
0.163915291429
0.163586810231
0.163297370076
0.163045719266
0.162832692266
0.162656858563
0.162520661950
0.162422671914
0.162364497781
0.162345185876
0.162365332246
0.162425413728
0.162526085973
0.162666395307
0.162846460938
0.163066878915
0.163327649236
0.163627877831
0.163967087865
0.164345398545
0.164761856198
0.165217652917
0.165710106492
0.166240170598
0.166805401444
0.167406335473
0.168042078614
0.168711379170
0.169413641095
0.324643820524
0.260380476713
0.238956108689
0.229504361749
0.222811952233
0.216892138124
0.212070778012
0.208975985646
0.207745030522
0.207965806127
0.208966150880
0.210116282105
0.210990324616
0.211390033364
0.211286738515
0.210746243596
0.209874287248
0.208777382970
0.207551077008
0.206267192960
0.204977884889
0.203721717000
0.202519014478
0.201383665204
0.200323060155
0.199336841702
0.198426023126
0.197586730123
0.196816042066
0.196108475327
0.195461824536
0.194870546460
0.194332078099
0.193843439221
0.193402364850
0.193006709218
0.192653611302
0.192343071103
0.192073538899
0.191844299436
0.191655233502
0.191505387425
0.191394761205
0.191323950887
0.191292598844
0.191300764680
0.191348925233
0.191436722875
0.191564634442
0.191732779145
0.191940382123
0.192188933492
0.192478194833
0.192806378007
0.193173483014
0.193582013249
0.194029346108
0.194515481591
0.195040240884
0.195602074265
0.196202173829
0.196837857366
0.197511568666
0.198220744729
0.077251031995
0.056226685643
0.046711340547
0.042375460267
0.039810016751
0.036991253495
0.033789947629
0.030909793451
0.028861479834
0.027753787115
0.027442770079
0.027703182772
0.028318600729
0.029116110876
0.029967026785
0.030787901953
0.031524375081
0.032147958875
0.032645478845
0.033014312387
0.033258274198
0.033387795091
0.033413484693
0.033347085118
0.033203735948
0.032994106412
0.032731547952
0.032427385449
0.032091751695
0.031735435128
0.031367078424
0.030993895605
0.030622916296
0.030261771753
0.029915230349
0.029588120058
0.029284553602
0.029009001330
0.028763191774
0.028551535681
0.028374033049
0.028233842924
0.028131382540
0.028068201616
0.028044657782
0.028061049059
0.028117017820
0.028212802485
0.028347926214
0.028520898893
0.028731601313
0.028979556635
0.029261784628
0.029579000548
0.029928760603
0.030309336260
0.030719475821
0.031157331541
0.031621947885
0.032110765576
0.032622650266
0.033154383302
0.033705607057
0.034274056554
0.209686055779
0.168148711324
0.149871781468
0.137965276837
0.129312291741
0.124395266175
0.123192027211
0.124493554235
0.126782789826
0.128990605474
0.130633845925
0.131621912122
0.132049694657
0.132061377168
0.131788507104
0.131334558129
0.130771353841
0.130144849420
0.129486337304
0.128815129399
0.128141596913
0.127471938729
0.126811698079
0.126161649823
0.125524237752
0.124900892377
0.124292865396
0.123700752854
0.123126044869
0.122570946813
0.122036293149
0.121523395181
0.121035233140
0.120572462678
0.120137885213
0.119731500745
0.119356885552
0.119013980031
0.118705466390
0.118431523442
0.118194237351
0.117994204164
0.117832854390
0.117711141706
0.117628350854
0.117586925626
0.117586031556
0.117626562715
0.117707446218
0.117829397321
0.117992535233
0.118196144700
0.118439391255
0.118723109365
0.119045868516
0.119405403733
0.119802668691
0.120237007737
0.120706155896
0.121209815145
0.121747449040
0.122315779328
0.122915640473
0.123545721173
0.678182840347
0.543347239494
0.495145589113
0.474502772093
0.463055461645
0.455275923014
0.449561208487
0.445516675711
0.443062752485
0.442088335752
0.442349880934
0.443471521139
0.445014685392
0.446562021971
0.447784751654
0.448476880789
0.448553889990
0.448025196791
0.446966975927
0.445484787226
0.443694680929
0.441705673933
0.439611762762
0.437488406897
0.435393065214
0.433369070292
0.431444257498
0.429636508226
0.427955836058
0.426407247782
0.424989730120
0.423700541258
0.422534972429
0.421489387751
0.420556038618
0.419730514288
0.419006377459
0.418379038572
0.417846232653
0.417400330305
0.417041808367
0.416766136885
0.416572123766
0.416457802057
0.416422456503
0.416464239359
0.416582316160
0.416777342558
0.417048245668
0.417394787073
0.417816132307
0.418313413858
0.418885678053
0.419533103704
0.420253604650
0.421048074961
0.421916157007
0.422855407000
0.423866957426
0.424948543310
0.426098018885
0.427316755056
0.428601711988
0.429951161146
0.430545896292
0.341824918985
0.313155025244
0.302907437086
0.297947496176
0.294297963381
0.291060656309
0.288353532553
0.286473244429
0.285539597273
0.285418897867
0.285797983408
0.286321312189
0.286692708731
0.286727875471
0.286357969046
0.285598963499
0.284519165754
0.283200889826
0.281735390425
0.280195623636
0.278643935919
0.277125209570
0.275667995214
0.274293929338
0.273012548685
0.271828442812
0.270741194487
0.269748717546
0.268845587969
0.268025845289
0.267284303904
0.266613274813
0.266009718180
0.265466719866
0.264979988337
0.264545828104
0.264162093401
0.263823658228
0.263529926538
0.263279825449
0.263071089983
0.262903600931
0.262776046991
0.262688547373
0.262640744448
0.262632340193
0.262665897608
0.262738674879
0.262852579355
0.263007134199
0.263203829527
0.263442009687
0.263721734285
0.264045387506
0.264410763979
0.264819055796
0.265269428492
0.265763193369
0.266299039125
0.266877681017
0.267499059439
0.268162220716
0.268866807222
0.125821426511
0.097715750337
0.083908393979
0.076132372022
0.072691753507
0.071935072541
0.072044625878
0.072068050504
0.071861580014
0.071572616696
0.071338728070
0.071216538548
0.071197465062
0.071249559522
0.071330681443
0.071403279901
0.071442618966
0.071426883340
0.071347668767
0.071199491620
0.070982709527
0.070701673627
0.070360198617
0.069966033101
0.069525733590
0.069048896432
0.068541422486
0.068011477590
0.067468181252
0.066915825009
0.066362515092
0.065814331174
0.065275982022
0.064752832055
0.064249590039
0.063770309091
0.063317969441
0.062896028161
0.062508359551
0.062155500054
0.061841204762
0.061565414071
0.061330989003
0.061138466001
0.060988977551
0.060881271958
0.060817018151
0.060796096921
0.060817793012
0.060881987214
0.060988321900
0.061135903001
0.061323538423
0.061549678445
0.061814978719
0.062116578221
0.062453344464
0.062824085355
0.063228085637
0.063661649823
0.064125970006
0.064618006349
0.065135017037
0.065677419305
0.483307033777
0.381844907999
0.347714871168
0.334895402193
0.328798860312
0.324856728315
0.321788758039
0.319438487291
0.317939907312
0.317360967398
0.317589253187
0.318353503942
0.319319635630
0.320179909468
0.320718914270
0.320828765631
0.320492416620
0.319757312536
0.318706780672
0.317430943251
0.316014617682
0.314532488585
0.313040882349
0.311583489180
0.310188204050
0.308873087168
0.307648807764
0.306520193815
0.305485934019
0.304543703794
0.303688973188
0.302916914225
0.302219420671
0.301594108343
0.301032990217
0.300532788038
0.300087720156
0.299695521593
0.299353033304
0.299056500196
0.298804849386
0.298598378897
0.298431843519
0.298308342695
0.298226088285
0.298185318708
0.298185139894
0.298227638006
0.298311382532
0.298437684774
0.298607021570
0.298819750547
0.299076765776
0.299377769232
0.299722522497
0.300112575293
0.300547927618
0.301028341055
0.301553517580
0.302124947309
0.302741140127
0.303402572870
0.304107636213
0.304857641459
0.455525010824
0.360707849264
0.329555958509
0.318250983953
0.312926560640
0.309296637774
0.306261509657
0.303799122572
0.302129715681
0.301360458136
0.301380723715
0.301912277937
0.302614718676
0.303189724684
0.303438812494
0.303271979094
0.302690535784
0.301753193140
0.300542980433
0.299148410559
0.297650843859
0.296116441488
0.294596940279
0.293127685785
0.291732460260
0.290426462889
0.289215773344
0.288102000952
0.287083894014
0.286158114672
0.285316914320
0.284556418657
0.283870011568
0.283252865076
0.282697349787
0.282202273607
0.281759887934
0.281368523836
0.281025797129
0.280727952719
0.280473798513
0.280262082815
0.280092209578
0.279962629080
0.279874414206
0.279825955629
0.279818207026
0.279850214720
0.279923826456
0.280038684607
0.280195981264
0.280394524336
0.280636996031
0.280921608210
0.281249493361
0.281621664762
0.282036393881
0.282496303320
0.282999545336
0.283545881510
0.284137398005
0.284771233797
0.285448163748
0.286168724298
0.277733296156
0.223231568933
0.203352585435
0.192684367299
0.184337928891
0.177582874894
0.173190429807
0.171486988664
0.171945944428
0.173594847322
0.175518646836
0.177124038339
0.178148403764
0.178561702371
0.178452149034
0.177948608994
0.177175596356
0.176239743829
0.175216630101
0.174162402749
0.173116043210
0.172098472714
0.171124413610
0.170202508569
0.169334188104
0.168521240354
0.167760089040
0.167051330209
0.166390851140
0.165777936578
0.165209606290
0.164684191346
0.164200559258
0.163756385446
0.163352027535
0.162985935807
0.162658646703
0.162369087338
0.162117078900
0.161903336644
0.161728397012
0.161591425538
0.161493673921
0.161434605718
0.161415293813
0.161435142159
0.161496296525
0.161595955491
0.161735847592
0.161915972829
0.162136450410
0.162396743894
0.162696853280
0.163035944104
0.163414731622
0.163830712438
0.164286151528
0.164778187871
0.165307715535
0.165873184800
0.166473880410
0.167108252645
0.167777255177
0.168479219079
0.266175121069
0.213981464505
0.194375172257
0.183363154531
0.174691036344
0.167937830091
0.163896813989
0.162710145116
0.163634493947
0.165580406785
0.167630806565
0.169247761369
0.170234754682
0.170605793595
0.170472040772
0.169971778989
0.169226542115
0.168334260583
0.167368605733
0.166377082467
0.165393248200
0.164438202977
0.163521960378
0.162651732564
0.161829486489
0.161055222154
0.160328939557
0.159647956491
0.159010604024
0.158417001367
0.157862320542
0.157347694039
0.156871810555
0.156433954835
0.156032577157
0.155668273568
0.155340865254
0.155050590634
0.154798105359
0.154582515359
0.154405012727
0.154265299439
0.154164448380
0.154102936387
0.154080644250
0.154097452760
0.154155150056
0.154252246022
0.154389813542
0.154567256570
0.154784813523
0.155042365193
0.155339375138
0.155675724149
0.156051293015
0.156465366483
0.156916752458
0.157405808568
0.157930389047
0.158491745591
0.159087195992
0.159717395902
0.160379603505
0.161074653268
0.071627452970
0.051477506757
0.042482569814
0.038345173001
0.035500302911
0.032132521272
0.028429405764
0.025237040594
0.023061947897
0.021952943876
0.021716253832
0.022089378908
0.022833006456
0.023758666590
0.024733262137
0.025670723990
0.026513831690
0.027234451845
0.027819888666
0.028267817572
0.028584377840
0.028779046610
0.028864340857
0.028853790835
0.028760747984
0.028598682955
0.028380470350
0.028118269518
0.027821438387
0.027503447607
0.027170078829
0.026831166819
0.026494340971
0.026164906099
0.025849835947
0.025553422049
0.025279300287
0.025032715872
0.024815754965
0.024630920961
0.024481313303
0.024367945269
0.024291412905
0.024253802374
0.024254815653
0.024294810370
0.024374382570
0.024493174627
0.024650113657
0.024844484404
0.025076108053
0.025343196467
0.025645451620
0.025980250910
0.026347117499
0.026744978502
0.027170794085
0.027623789385
0.028102474287
0.028604881838
0.029128389433
0.029671506956
0.030233876780
0.030810551718
0.087702408433
0.065097406507
0.054601207376
0.049722447991
0.047425761819
0.045468464494
0.043167367578
0.040907993913
0.039162114263
0.038115397096
0.037715688348
0.037807598710
0.038218155503
0.038799479604
0.039439931512
0.040062919259
0.040616825223
0.041074290872
0.041421249509
0.041653171182
0.041774347425
0.041792228818
0.041716709733
0.041558042169
0.041329398751
0.041041567922
0.040705338120
0.040333107114
0.039932802320
0.039514854550
0.039087370038
0.038657739758
0.038232937455
0.037818327546
0.037420585752
0.037043944001
0.036691740155
0.036368623376
0.036077454686
0.035820201039
0.035598590970
0.035414770246
0.035271063447
0.035166457295
0.035102620721
0.035080984235
0.035098329186
0.035157516599
0.035256579518
0.035395637155
0.035573676229
0.035789027810
0.036041513085
0.036329820752
0.036650553346
0.037005797029
0.037392452359
0.037807777524
0.038250997663
0.038719609380
0.039213612676
0.039729431272
0.040266528726
0.040822222829
0.413946896791
0.329256266356
0.302088052034
0.292360335588
0.287461489439
0.283652216196
0.280185490847
0.277281612158
0.275278717279
0.274286776781
0.274135857821
0.274477988482
0.274938851595
0.275223165751
0.275158792734
0.274691253901
0.273848205805
0.272703021765
0.271342664957
0.269855171442
0.268311649561
0.266767829657
0.265265733004
0.263832062483
0.262484520674
0.261231213808
0.260073751211
0.259012192488
0.258043915033
0.257162183523
0.256361991167
0.255636364222
0.254980653524
0.254390209913
0.253858536482
0.253381222486
0.252956241369
0.252579301596
0.252249032259
0.251961737871
0.251717001200
0.251513510942
0.251350790262
0.251228183508
0.251145571470
0.251102119684
0.251099079847
0.251135379076
0.251212626696
0.251329511404
0.251487702131
0.251687079668
0.251928538084
0.252209991217
0.252534598112
0.252900868654
0.253310114145
0.253760010004
0.254252105951
0.254787236452
0.255363792181
0.255981177092
0.256639987230
0.257339149714
0.274089545012
0.220319941640
0.200529232621
0.189752057195
0.181295350194
0.174529507756
0.170236602426
0.168689385056
0.169297829270
0.171045377851
0.173015490174
0.174629583955
0.175647214055
0.176048830152
0.175932124257
0.175429239869
0.174666002393
0.173742547631
0.172737613320
0.171703174710
0.170675769448
0.169678464532
0.168723002076
0.167817190289
0.166963890195
0.166162386537
0.165412560105
0.164712622762
0.164060845971
0.163454011083
0.162890210748
0.162369146943
0.161888495088
0.161446109414
0.161042824388
0.160678222775
0.160350635648
0.160061195493
0.159809127450
0.159595504403
0.159419670701
0.159282341599
0.159183397889
0.159124627709
0.159104481339
0.159123793244
0.159183517098
0.159283116460
0.159422591329
0.159602299333
0.159821823239
0.160081937909
0.160380497575
0.160720065236
0.161097064614
0.161513522267
0.161967173219
0.162458911538
0.162987783551
0.163551703095
0.164150610566
0.164784982800
0.165452077985
0.166151776910
0.308762282133
0.247874930501
0.227070286870
0.217273011804
0.210009053349
0.203701213002
0.198865547776
0.196098759770
0.195364013314
0.196062460542
0.197413817048
0.198770180345
0.199739530683
0.200174525380
0.200083926320
0.199560478330
0.198720827699
0.197674110532
0.196510866284
0.195298805833
0.194088116288
0.192909613252
0.191782310605
0.190718188882
0.189722970128
0.188795104623
0.187936440110
0.187142744660
0.186411932111
0.185738578439
0.185119941831
0.184553936124
0.184036269784
0.183566704392
0.183140888810
0.182757571340
0.182416155934
0.182116344571
0.181855753064
0.181635573506
0.181453898549
0.181312039495
0.181209400296
0.181145623326
0.181121423841
0.181137636304
0.181192532182
0.181287780404
0.181422665715
0.181598320603
0.181814387441
0.182069435716
0.182364776731
0.182700172067
0.183075323701
0.183488979936
0.183941677213
0.184432938695
0.184961810708
0.185527935624
0.186131253839
0.186770096421
0.187445059419
0.188154295087
0.117903724313
0.090934649110
0.077760532498
0.070626750588
0.067628994584
0.066864803433
0.066619768739
0.066202297807
0.065643981099
0.065141811967
0.064817681909
0.064691081643
0.064722791314
0.064853444695
0.065025463700
0.065193071961
0.065320923924
0.065389111638
0.065384164453
0.065302148461
0.065143659711
0.064912512898
0.064614608884
0.064257457852
0.063850298524
0.063400939107
0.062917187810
0.062409058213
0.061883822083
0.061348572373
0.060810700059
0.060275748372
0.059751048684
0.059239700437
0.058748379350
0.058280184865
0.057839348912
0.057428911328
0.057051077485
0.056709721684
0.056405559182
0.056140974164
0.055917337537
0.055734947324
0.055595174432
0.055498018861
0.055443480611
0.055433049798
0.055463984609
0.055537775159
0.055652752519
0.055808439851
0.056003764272
0.056238129735
0.056509032845
0.056817188859
0.057159319520
0.057535484433
0.057942941785
0.058380678296
0.058846786618
0.059339717031
0.059858098626
0.060399487615
0.074560478330
0.053952470422
0.044687584043
0.040456190705
0.037768974900
0.034694686532
0.031253650784
0.028221743181
0.026109712198
0.024997906759
0.024720625952
0.025033192709
0.025707798079
0.026566104963
0.027475195006
0.028350846842
0.029137210920
0.029807107523
0.030345933512
0.030751960352
0.031030731276
0.031190352514
0.031243996695
0.031204359606
0.031083839014
0.030896799639
0.030654864386
0.030370371416
0.030054407194
0.029714839533
0.029363112524
0.029005663469
0.028650777414
0.028304772452
0.027972476557
0.027659969404
0.027369992808
0.027108209208
0.026875691488
0.026676492766
0.026512281969
0.026384906843
0.026293652132
0.026242392138
0.026230948046
0.026258544996
0.026325242594
0.026431577280
0.026577012613
0.026759820059
0.026980774477
0.027236895636
0.027529137209
0.027854101732
0.028212146834
0.028600590304
0.029018120840
0.029462890700
0.029933469370
0.030428366736
0.030945437029
0.031482711434
0.032039299607
0.032611742616
0.163687363267
0.129892900586
0.113554731011
0.103092446923
0.096979573369
0.094922199845
0.095496192575
0.097002878785
0.098401740193
0.099345043302
0.099849477410
0.100039556623
0.100030854344
0.099900439382
0.099695459008
0.099437430501
0.099138572812
0.098801746964
0.098429396749
0.098023250699
0.097584500909
0.097114995122
0.096617832780
0.096096292138
0.095555141568
0.094997420907
0.094429746270
0.093855097890
0.093278065324
0.092704191804
0.092136994004
0.091580584645
0.091039791703
0.090516939759
0.090017512441
0.089542046189
0.089095667005
0.088680282235
0.088296726346
0.087949708104
0.087638989091
0.087366655469
0.087134674191
0.086943343282
0.086793079972
0.086685135961
0.086620286107
0.086598172784
0.086618676782
0.086681261659
0.086786285043
0.086932793260
0.087119594216
0.087347760797
0.087614849210
0.087920203805
0.088261619210
0.088640227914
0.089053645730
0.089500561357
0.089979067445
0.090487793088
0.091025486588
0.091591551900
0.171369329095
0.136347964406
0.119601085782
0.108736410737
0.102081969380
0.099575296044
0.100002184510
0.101642027497
0.103302255273
0.104503884912
0.105201557279
0.105504706502
0.105542615056
0.105411127210
0.105175510049
0.104870691895
0.104517236352
0.104127421975
0.103704050183
0.103252843022
0.102774158120
0.102271929383
0.101748242974
0.101206973195
0.100650325418
0.100083008409
0.099509134889
0.098930731416
0.098354533315
0.097783461213
0.097221210599
0.096671894193
0.096137955785
0.095623865724
0.095132842660
0.094667449594
0.094230428338
0.093824818730
0.093451634049
0.093113854527
0.092813268304
0.092550054193
0.092327073216
0.092144325376
0.092002227902
0.091902926564
0.091846123338
0.091830566525
0.091857865453
0.091928258538
0.092040434480
0.092193379998
0.092387214303
0.092621937394
0.092894926667
0.093207135797
0.093556538224
0.093941345811
0.094360902905
0.094815209508
0.095301106572
0.095818534493
0.096364572644
0.096940293908
0.460507482290
0.364480584860
0.332806855440
0.321255177259
0.315819293261
0.312159210443
0.309139579535
0.306712239981
0.305081576109
0.304348617792
0.304406076670
0.304976016283
0.305722624063
0.306346327066
0.306644588709
0.306525379419
0.305985480547
0.305081993341
0.303897649050
0.302522093058
0.301036685705
0.299509853125
0.297993630171
0.296524673700
0.295127600431
0.293819516897
0.292604655027
0.291488081217
0.290465801954
0.289535313845
0.288692146540
0.287928611040
0.287240117788
0.286620825529
0.286064654589
0.285567313433
0.285124212503
0.284733563662
0.284389823675
0.284090489149
0.283837407827
0.283625990152
0.283456116915
0.283327609301
0.283239036798
0.283191174269
0.283183902502
0.283217936754
0.283292442560
0.283409088850
0.283567100763
0.283767491579
0.284011572599
0.284298270941
0.284628838301
0.285002261400
0.285420805216
0.285882383585
0.286389380693
0.286939650774
0.287533730268
0.288172036409
0.288853436708
0.289577990770
0.209686055779
0.168148711324
0.149871781468
0.137965276837
0.129312291741
0.124395266175
0.123192027211
0.124493554235
0.126782789826
0.128990605474
0.130633845925
0.131621912122
0.132049694657
0.132061377168
0.131788507104
0.131334558129
0.130771353841
0.130144849420
0.129486337304
0.128815129399
0.128141596913
0.127471938729
0.126811698079
0.126161649823
0.125524237752
0.124900892377
0.124292865396
0.123700752854
0.123126044869
0.122570946813
0.122036293149
0.121523395181
0.121035233140
0.120572462678
0.120137885213
0.119731500745
0.119356885552
0.119013980031
0.118705466390
0.118431523442
0.118194237351
0.117994204164
0.117832854390
0.117711141706
0.117628350854
0.117586925626
0.117586031556
0.117626562715
0.117707446218
0.117829397321
0.117992535233
0.118196144700
0.118439391255
0.118723109365
0.119045868516
0.119405403733
0.119802668691
0.120237007737
0.120706155896
0.121209815145
0.121747449040
0.122315779328
0.122915640473
0.123545721173
0.380996197462
0.304122895002
0.279540032148
0.270397156477
0.265217036009
0.260800570250
0.256758302450
0.253512173891
0.251437276602
0.250559121370
0.250575989485
0.251042038202
0.251537650824
0.251777678728
0.251625627279
0.251059263945
0.250137239695
0.248942866921
0.247570887208
0.246102944016
0.244605496526
0.243125990033
0.241699889302
0.240347161889
0.239081636071
0.237907364964
0.236826017499
0.235833719373
0.234927132726
0.234101131558
0.233350113034
0.232668414712
0.232051864266
0.231493964791
0.230992451310
0.230542197824
0.230140343308
0.229785576463
0.229474559426
0.229206815362
0.228980675340
0.228794589639
0.228648081422
0.228542223573
0.228475943208
0.228448227048
0.228460982442
0.228513792157
0.228606119752
0.228739216924
0.228912845254
0.229126289487
0.229380920529
0.229677334428
0.230013504624
0.230390802026
0.230809703469
0.231269732118
0.231770470738
0.232310965657
0.232892349362
0.233513012528
0.234172597528
0.234872296453
0.077936485410
0.056806102395
0.047227159142
0.042862311006
0.040323689580
0.037568166852
0.034428074956
0.031586781144
0.029555754736
0.028449254110
0.028130667284
0.028378503397
0.028979556635
0.029761450365
0.030597584322
0.031405106187
0.032129898667
0.032741561532
0.033228173852
0.033588007092
0.033823683858
0.033945336938
0.033963575959
0.033891096711
0.033740833402
0.033526435494
0.033259108663
0.032949879766
0.032610073686
0.032249584794
0.031876221299
0.031499400735
0.031124370173
0.030759291723
0.030408995226
0.030078487471
0.029771344736
0.029492573813
0.029243247584
0.029028313234
0.028847949579
0.028704660013
0.028599636629
0.028533713892
0.028507070616
0.028520362452
0.028573589399
0.028666870669
0.028798775747
0.028969662264
0.029178874567
0.029423909262
0.029704587534
0.030019300058
0.030366735533
0.030745999888
0.031153636053
0.031590238214
0.032053008676
0.032540276647
0.033050671220
0.033581390977
0.034131601453
0.034699812531
0.090788558125
0.067726626992
0.056943252683
0.051869109273
0.049594596028
0.047847345471
0.045799568295
0.043730273843
0.042086556554
0.041071966290
0.040658906102
0.040711000562
0.041067555547
0.041592016816
0.042175188661
0.042743757367
0.043247476220
0.043658807874
0.043964222074
0.044159367681
0.044246986508
0.044234409928
0.044130995870
0.043947890401
0.043696537614
0.043387368321
0.043032005429
0.042640820146
0.042224541306
0.041790023446
0.041346922517
0.040902748704
0.040464118123
0.040036931634
0.039625599980
0.039235725999
0.038871243596
0.038535907865
0.038231745362
0.037962868810
0.037730112672
0.037534669042
0.037380352616
0.037265196443
0.037191167474
0.037157788873
0.037166371942
0.037215664983
0.037305846810
0.037435427308
0.037604644895
0.037811949849
0.038057222962
0.038337066770
0.038652017713
0.039000406861
0.039380565286
0.039789929986
0.040228024125
0.040692642331
0.041181400418
0.041693702340
0.042227640748
0.042780533433
0.850151121616
0.689529359341
0.632917523384
0.607301831245
0.591022193432
0.578594744205
0.569048464298
0.562427163124
0.558746099472
0.557732820511
0.558822631836
0.561278104782
0.564334571362
0.567326664925
0.569772362709
0.571393191814
0.572088539600
0.571891427040
0.570914387703
0.569308698177
0.567234158516
0.564836859703
0.562242150307
0.559552133083
0.556847035885
0.554182887077
0.551602542400
0.549133837223
0.546792209148
0.544590771198
0.542533040047
0.540619492531
0.538848936558
0.537219643593
0.535729467869
0.534373402596
0.533149302006
0.532056391239
0.531090497971
0.530251383781
0.529539883137
0.528954029083
0.528495013714
0.528161883354
0.527958571911
0.527883708477
0.527939319611
0.528126835823
0.528447687626
0.528901934624
0.529490411282
0.530215620995
0.531075298786
0.532071530819
0.533204197884
0.534470319748
0.535871565342
0.537404835224
0.539070785046
0.540864825249
0.542786478996
0.544834077358
0.547002553940
0.549290716648
0.097654536366
0.073589578271
0.062172845006
0.056626215577
0.054312720895
0.052962437272
0.051447108388
0.049803569913
0.048407331109
0.047485426068
0.047059491277
0.047037079930
0.047289445996
0.047694221139
0.048158720136
0.048612013459
0.049010351300
0.049325481057
0.049543276429
0.049659147859
0.049676731229
0.049601390958
0.049440637231
0.049205973744
0.048907592893
0.048555508256
0.048161104321
0.047733679414
0.047282531857
0.046815887094
0.046342268586
0.045868590474
0.045401111245
0.044945910573
0.044508650899
0.044093325734
0.043703928590
0.043343737721
0.043015554547
0.042723014951
0.042467489839
0.042249992490
0.042072072625
0.041936174035
0.041840448976
0.041787341237
0.041775658727
0.041805699468
0.041876330972
0.041988983750
0.042141273618
0.042331710458
0.042560830712
0.042826309800
0.043126955628
0.043461814523
0.043829575181
0.044228509068
0.044656112790
0.045110955834
0.045591786504
0.046096995473
0.046624734998
0.047172740102
0.101032748818
0.076480403543
0.064758196473
0.058962002397
0.056588366628
0.055395856500
0.054125443101
0.052692010999
0.051426544785
0.050559535623
0.050137057900
0.050085261464
0.050290122628
0.050642386079
0.051052227616
0.051452949643
0.051801040769
0.052071586251
0.052248016000
0.052328661084
0.052313163877
0.052208259702
0.052022591233
0.051764205098
0.051444366574
0.051073566079
0.050661638379
0.050217881799
0.049751117826
0.049270287156
0.048783794045
0.048297181726
0.047817602754
0.047351077199
0.046901658177
0.046474531293
0.046074286103
0.045703545213
0.045365646482
0.045061901212
0.044796302915
0.044568613172
0.044381454587
0.044235721231
0.044131234288
0.044068768620
0.044048383832
0.044069781899
0.044133201241
0.044237390161
0.044381752610
0.044564917684
0.044787839055
0.045046344399
0.045340910554
0.045670047402
0.046032086015
0.046425774693
0.046849384904
0.047300949693
0.047778084874
0.048280611634
0.048805430532
0.049351826310
0.150472655892
0.118724837899
0.103173509240
0.093535676599
0.088393166661
0.086994662881
0.087639346719
0.088772609830
0.089651420712
0.090143337846
0.090342059731
0.090373411775
0.090317025781
0.090215161443
0.090082958341
0.089920833707
0.089723601937
0.089488163590
0.089208796620
0.088885203004
0.088516727090
0.088105991483
0.087655857205
0.087172105908
0.086659207940
0.086122468114
0.085568323731
0.085001423955
0.084427788854
0.083853259683
0.083282008767
0.082719936967
0.082170799375
0.081638112664
0.081127837300
0.080641940236
0.080183580518
0.079756751657
0.079362228513
0.079004243016
0.078683570027
0.078400924802
0.078158870339
0.077958181500
0.077799633145
0.077683284879
0.077610924840
0.077580764890
0.077594235539
0.077650681138
0.077748551965
0.077888503671
0.078069046140
0.078289583325
0.078549697995
0.078848078847
0.079182937741
0.079553022981
0.079957857728
0.080394819379
0.080863311887
0.081362202764
0.081888332963
0.082442000508
0.148788169026
0.117296591401
0.101852491498
0.092330589890
0.087311998010
0.085984662175
0.086620524526
0.087693586946
0.088502243161
0.088935986161
0.089099839330
0.089113786817
0.089055076241
0.088958755136
0.088838353753
0.088689640164
0.088506892323
0.088284745812
0.088017895818
0.087704971433
0.087345734239
0.086942806840
0.086500003934
0.086021497846
0.085512176156
0.084978595376
0.084426179528
0.083860948682
0.083288446069
0.082714334130
0.082142308354
0.081580176950
0.081030383706
0.080498233438
0.079986467957
0.079500392079
0.079041257501
0.078613296151
0.078218415380
0.077859178185
0.077536895871
0.077254012227
0.077011540532
0.076810911298
0.076651349664
0.076535418630
0.076461866498
0.076431766152
0.076444402337
0.076499775052
0.076597347856
0.076737478375
0.076917484403
0.077138617635
0.077398493886
0.077695265412
0.078029587865
0.078399255872
0.078803017735
0.079239860177
0.079707339406
0.080205276608
0.080730751157
0.081282809377
0.435245305300
0.345377832651
0.316258758307
0.305837482214
0.300833612680
0.297209113836
0.294024437666
0.291369825602
0.289529591799
0.288621515036
0.288519471884
0.288920432329
0.289470225573
0.289874047041
0.289944261312
0.289608031511
0.288878470659
0.287820786238
0.286519676447
0.285063832998
0.283529132605
0.281978338957
0.280456572771
0.278995662928
0.277615517378
0.276328474283
0.275136977434
0.274044305086
0.273046404123
0.272138148546
0.271313518286
0.270567506552
0.269893795252
0.269286185503
0.268740445375
0.268251448870
0.267815977335
0.267430037260
0.267090171576
0.266795843840
0.266544431448
0.266334742308
0.266166061163
0.266037076712
0.265949219465
0.265901058912
0.265892475843
0.265924602747
0.265996664762
0.266109734774
0.266264408827
0.266461044550
0.266699582338
0.266980141401
0.267302542925
0.267667919397
0.268077164888
0.268529087305
0.269024342299
0.269560784101
0.270141810179
0.270764201880
0.271429210901
0.272136181593
0.630741536617
0.503010213375
0.457015603781
0.437132567167
0.425977319479
0.418245643377
0.412393838167
0.408076256514
0.405263096094
0.403900831938
0.403792947531
0.404604047537
0.405922621489
0.407347530127
0.408557921648
0.409344881773
0.409616619349
0.409369319677
0.408662408590
0.407586723566
0.406240314245
0.404718071222
0.403101414442
0.401455968618
0.399831622839
0.398265153170
0.396778851748
0.395388513803
0.394102960825
0.392923921347
0.391850739717
0.390882164240
0.390011340380
0.389234691858
0.388546377420
0.387941211462
0.387415379286
0.386964648962
0.386584490538
0.386271864176
0.386025816202
0.385842174292
0.385721117258
0.385660558939
0.385660141706
0.385719627142
0.385838896036
0.386016994715
0.386255174875
0.386553794146
0.386911779642
0.387329906225
0.387808829546
0.388348191977
0.388948470354
0.389608711004
0.390329509974
0.391110688448
0.391951590776
0.392851322889
0.393810302019
0.394825428724
0.395898967981
0.397027105093
0.698693931103
0.560678541660
0.511417448521
0.490303009748
0.478581398726
0.470666795969
0.464965492487
0.461080759764
0.458905249834
0.458288818598
0.458942860365
0.460448831320
0.462334424257
0.464155822992
0.465574651957
0.466381162405
0.466493815184
0.465931028128
0.464780241251
0.463158696890
0.461192756891
0.459003120661
0.456690818071
0.454337805510
0.452009528875
0.449752062559
0.447595685720
0.445564657450
0.443666726351
0.441910833120
0.440294653177
0.438819557428
0.437478572130
0.436268478632
0.435182124376
0.434215456247
0.433362096548
0.432616978884
0.431976169348
0.431435972452
0.430992215872
0.430643707514
0.430385977030
0.430218666792
0.430139809847
0.430148631334
0.430244237185
0.430425077677
0.430692106485
0.431043118238
0.431478351355
0.431997865438
0.432600170374
0.433286100626
0.434052795172
0.434900909662
0.435829490423
0.436837524176
0.437923938036
0.439086705446
0.440324634314
0.441636294127
0.443020552397
0.444475203753
0.321429640055
0.257855206728
0.236565962434
0.227051571012
0.220245853066
0.214241996408
0.209407523274
0.206367328763
0.205227151513
0.205541625619
0.206613615155
0.207806900144
0.208703532815
0.209111943841
0.209012404084
0.208475425839
0.207609608769
0.206522002816
0.205307915807
0.204038217664
0.202764287591
0.201523616910
0.200335934758
0.199214652181
0.198166564107
0.197192862630
0.196292534471
0.195462837815
0.194699481130
0.193999305367
0.193358078599
0.192772701383
0.192239001393
0.191754296422
0.191316083074
0.190922454000
0.190572455525
0.190264537930
0.189996317029
0.189769342542
0.189581766725
0.189433351159
0.189324930310
0.189255550504
0.189226344228
0.189235761762
0.189285650849
0.189375773072
0.189504995942
0.189674571157
0.189884796739
0.190134719014
0.190424337983
0.190755024552
0.191124275327
0.191533818841
0.191981688142
0.192469134927
0.192994669080
0.193557694554
0.194158628583
0.194796040654
0.195469453931
0.196178868413
0.807257235050
0.652961492538
0.598233997822
0.573826313019
0.558978796005
0.548150956631
0.540139079094
0.534808278084
0.532100617886
0.531754493713
0.533268988132
0.535984635353
0.539206027985
0.542322933674
0.544880628586
0.546611309052
0.547416269779
0.547323346138
0.546437978745
0.544907748699
0.542888462543
0.540525197983
0.537944138050
0.535247743130
0.532516896725
0.529812037945
0.527177453041
0.524641513824
0.522225797176
0.519942462444
0.517795979977
0.515790879726
0.513926088810
0.512202501297
0.510615289211
0.509164571762
0.507846832275
0.506658613682
0.505601286888
0.504670262337
0.503867506981
0.503190457821
0.502638638020
0.502212822437
0.501914262772
0.501741528511
0.501696050167
0.501777470112
0.501987397671
0.502323389053
0.502788066864
0.503380358219
0.504100501537
0.504946410656
0.505918443203
0.507015109062
0.508234500885
0.509574770927
0.511036396027
0.512613117695
0.514306128025
0.516111850739
0.518026769161
0.520049095154
0.344308823347
0.275757342577
0.253408342600
0.244240179658
0.238192990422
0.232813134789
0.228170886636
0.224865213037
0.223175600171
0.222887054086
0.223468974233
0.224344745278
0.225072696805
0.225409343839
0.225279107690
0.224716499448
0.223810270429
0.222662523389
0.221367791295
0.220004394650
0.218627527356
0.217282071710
0.215991690755
0.214772894979
0.213634505868
0.212578669190
0.211603417993
0.210708573461
0.209888532758
0.209137573838
0.208454087377
0.207830384374
0.207264676690
0.206751719117
0.206289425492
0.205875292420
0.205505266786
0.205179825425
0.204896762967
0.204655125737
0.204452589154
0.204291418195
0.204169109464
0.204086557031
0.204043641686
0.204039230943
0.204076007009
0.204152837396
0.204268708825
0.204424813390
0.204620972276
0.204857662320
0.205135181546
0.205452874303
0.205810502172
0.206208243966
0.206645503640
0.207123056054
0.207639113069
0.208194866776
0.208788171411
0.209420099854
0.210088744760
0.210794463754
0.201440528035
0.161359444261
0.143346443772
0.131526067853
0.123174920678
0.118751838803
0.117989972234
0.119499579072
0.121765509248
0.123819127679
0.125278308988
0.126114025712
0.126442566514
0.126407399774
0.126128330827
0.125695362687
0.125169232488
0.124589517713
0.123980060220
0.123355522752
0.122725203633
0.122093394399
0.121464446187
0.120840027928
0.120222821832
0.119614198804
0.119014576077
0.118427172303
0.117854073644
0.117297008634
0.116757825017
0.116238191724
0.115740671754
0.115268126130
0.114822104573
0.114402905107
0.114014938474
0.113658502698
0.113335803151
0.113048806787
0.112797334790
0.112583234906
0.112407162786
0.112271919847
0.112175717950
0.112120881677
0.112106993794
0.112134113908
0.112202897668
0.112313225865
0.112464025617
0.112656250596
0.112888231874
0.113159909844
0.113470092416
0.113819435239
0.114205673337
0.114627972245
0.115086331964
0.115578249097
0.116103783250
0.116660133004
0.117248490453
0.117865517735
0.325450986624
0.261013239622
0.239555552602
0.230118051171
0.223453417420
0.217554762959
0.212738230824
0.209630802274
0.208377256989
0.208574488759
0.209558025002
0.210695877671
0.211564555764
0.211962476373
0.211858466268
0.211316600442
0.210442677140
0.209344282746
0.208114519715
0.206827357411
0.205534294248
0.204273715615
0.203067436814
0.201928988099
0.200864449143
0.199875488877
0.198962047696
0.198120370507
0.197347775102
0.196638539433
0.195990338922
0.195397630334
0.194857969880
0.194368496537
0.193926647305
0.193529978395
0.193176999688
0.192865386605
0.192595377564
0.192365542054
0.192175999284
0.192025795579
0.191914930940
0.191844001412
0.191811814904
0.191819861531
0.191867068410
0.191954508424
0.192082241178
0.192249730229
0.192457213998
0.192704573274
0.192993655801
0.193320944905
0.193689122796
0.194096937776
0.194542601705
0.195029452443
0.195553377271
0.196115806699
0.196714952588
0.197351410985
0.198024585843
0.198733404279
0.066643372178
0.047282293439
0.038732603192
0.034704104066
0.031530216336
0.027632014826
0.023482577875
0.020033435896
0.017768638209
0.016681151465
0.016527013853
0.017013030127
0.017879324034
0.018926935270
0.020019190386
0.021063523367
0.022006170824
0.022816674784
0.023483471945
0.024006025866
0.024389402941
0.024645941332
0.024786727503
0.024828331545
0.024782912806
0.024665432051
0.024489240721
0.024265663698
0.024007992819
0.023724811152
0.023425953463
0.023120241240
0.022815482691
0.022517280653
0.022231535986
0.021964268759
0.021719055250
0.021500186995
0.021310525015
0.021152811125
0.021029608324
0.020941274241
0.020889418200
0.020876305178
0.020901875570
0.020965592936
0.021067636088
0.021208422258
0.021386342123
0.021602170542
0.021854119375
0.022141234949
0.022461490706
0.022815005854
0.023199038580
0.023613231257
0.024055616930
0.024523572996
0.025016563013
0.025532322004
0.026068346575
0.026624338701
0.027196841314
0.027785019949
0.090788558125
0.067726626992
0.056943252683
0.051869109273
0.049594596028
0.047847345471
0.045799568295
0.043730273843
0.042086556554
0.041071966290
0.040658906102
0.040711000562
0.041067555547
0.041592016816
0.042175188661
0.042743757367
0.043247476220
0.043658807874
0.043964222074
0.044159367681
0.044246986508
0.044234409928
0.044130995870
0.043947890401
0.043696537614
0.043387368321
0.043032005429
0.042640820146
0.042224541306
0.041790023446
0.041346922517
0.040902748704
0.040464118123
0.040036931634
0.039625599980
0.039235725999
0.038871243596
0.038535907865
0.038231745362
0.037962868810
0.037730112672
0.037534669042
0.037380352616
0.037265196443
0.037191167474
0.037157788873
0.037166371942
0.037215664983
0.037305846810
0.037435427308
0.037604644895
0.037811949849
0.038057222962
0.038337066770
0.038652017713
0.039000406861
0.039380565286
0.039789929986
0.040228024125
0.040692642331
0.041181400418
0.041693702340
0.042227640748
0.042780533433
0.589490532875
0.467733949423
0.423827797174
0.404936939478
0.394499510527
0.387401968241
0.382128387690
0.378325074911
0.375956982374
0.374962359667
0.375145941973
0.376174777746
0.377646774054
0.379179507494
0.380472570658
0.381335109472
0.381691604853
0.381547361612
0.380966097116
0.380037516356
0.378857344389
0.377517193556
0.376090973616
0.374640256166
0.373210340738
0.371832937002
0.370530337095
0.369313925505
0.368190675974
0.367163628340
0.366229265928
0.365387529135
0.364629954100
0.363954871893
0.363356500864
0.362828642130
0.362369090319
0.361971706152
0.361634999514
0.361355811357
0.361131280661
0.360960215330
0.360841542482
0.360773593187
0.360757917166
0.360792011023
0.360877245665
0.361013025045
0.361200422049
0.361438840628
0.361730009317
0.362073272467
0.362468987703
0.362918645144
0.363421112299
0.363977640867
0.364587515593
0.365251213312
0.365967661142
0.366737931967
0.367561012506
0.368436664343
0.369363099337
0.370342403650
0.074230149388
0.053673222661
0.044439330697
0.040219143033
0.037515893579
0.034408822656
0.030938224867
0.027887778357
0.025768594816
0.024657206610
0.024383740500
0.024702863768
0.025385396555
0.026250855997
0.027167515829
0.028049306944
0.028843061998
0.029518323019
0.030062632635
0.030472891405
0.030756132677
0.030919568613
0.030976252630
0.030940191820
0.030823009089
0.030638830736
0.030399041250
0.030117528513
0.029802875593
0.029466049746
0.029115634039
0.028760807589
0.028408126906
0.028063969687
0.027733223513
0.027422385290
0.027134494856
0.026874082163
0.026643471792
0.026446061209
0.026283221319
0.026156799868
0.026068227366
0.026018934324
0.026008026674
0.026036577299
0.026105182245
0.026212828234
0.026359217241
0.026544051245
0.026765482500
0.027023034170
0.027316765860
0.027642624453
0.028001384810
0.028390662745
0.028808968142
0.029254751280
0.029726522043
0.030222432688
0.030740039423
0.031277731061
0.031834855676
0.032408371568
0.445747762918
0.353314548731
0.323161989450
0.312309294939
0.307166010141
0.303561955690
0.300471395254
0.297925025225
0.296174675226
0.295334666967
0.295289307833
0.295751005411
0.296372801065
0.296859890223
0.297017008066
0.296763807535
0.296107798815
0.295107334852
0.293849557638
0.292422622442
0.290904074907
0.289359182119
0.287835866213
0.286368638277
0.284979611635
0.283680289984
0.282477945089
0.281372994184
0.280364185572
0.279445379972
0.278611391783
0.277857333422
0.277175873518
0.276563495398
0.276012510061
0.275519818068
0.275079578161
0.274690836668
0.274348527193
0.274051696062
0.273798853159
0.273587971926
0.273417979479
0.273287922144
0.273199170828
0.273150295019
0.273141652346
0.273173421621
0.273245245218
0.273358672857
0.273514300585
0.273710340261
0.273950308561
0.274232059717
0.274557203054
0.274925202131
0.275336354971
0.275791257620
0.276289612055
0.276830345392
0.277415424585
0.278043299913
0.278714030981
0.279426604509
0.134622052312
0.105237856507
0.090768948197
0.082292929292
0.078286722302
0.077406540513
0.077806964517
0.078278258443
0.078467562795
0.078440502286
0.078337207437
0.078244999051
0.078193441033
0.078175202012
0.078167095780
0.078147128224
0.078094795346
0.077994540334
0.077839449048
0.077623680234
0.077348366380
0.077017381787
0.076632454991
0.076202347875
0.075733020902
0.075229838490
0.074701264501
0.074154451489
0.073594644666
0.073029890656
0.072465971112
0.071907773614
0.071360245347
0.070829465985
0.070319011807
0.069832697511
0.069373384118
0.068945482373
0.068550959229
0.068191781640
0.067870333791
0.067588344216
0.067346766591
0.067146673799
0.066989555955
0.066875293851
0.066804304719
0.066776767373
0.066792026162
0.066849246621
0.066949859262
0.067091360688
0.067273214459
0.067494943738
0.067755177617
0.068052425981
0.068385973573
0.068754449487
0.069155529141
0.069589450955
0.070052400231
0.070544734597
0.071063891053
0.071608021855
0.453549832106
0.359212607145
0.328266173601
0.317056387663
0.311772316694
0.308150917292
0.305107861757
0.302629739046
0.300944298506
0.300160259008
0.300167530775
0.300684005022
0.301369220018
0.301925033331
0.302154928446
0.301970332861
0.301373749971
0.300423413515
0.299202591181
0.297800511122
0.296298950911
0.294761985540
0.293241351843
0.291771918535
0.290377527475
0.289073199034
0.287863463163
0.286751955748
0.285735338926
0.284810632467
0.283970385790
0.283212393522
0.282527059317
0.281909257174
0.281355291605
0.280859738588
0.280417770147
0.280027478933
0.279684513807
0.279386729002
0.279133528471
0.278922706842
0.278752058744
0.278621524572
0.278533190489
0.278484791517
0.278476148844
0.278508573771
0.278581708670
0.278696924448
0.278852671385
0.279052108526
0.279293090105
0.279576629400
0.279904395342
0.280275255442
0.280689626932
0.281148046255
0.281649798155
0.282195001841
0.282784909010
0.283417612314
0.284093528986
0.284811705351
0.261916607618
0.210562780499
0.191051676869
0.179916694760
0.171143725514
0.164419963956
0.160534515977
0.159548416734
0.160640671849
0.162680938840
0.164761200547
0.166369035840
0.167334333062
0.167684867978
0.167541816831
0.167040899396
0.166306212544
0.165431752801
0.164487138391
0.163519218564
0.162559464574
0.161626949906
0.160731151700
0.159879878163
0.159073665738
0.158313527703
0.157599106431
0.156928434968
0.156299188733
0.155710890889
0.155161038041
0.154650226235
0.154176726937
0.153738990426
0.153338208795
0.152974322438
0.152646258473
0.152354910970
0.152100935578
0.151883617043
0.151704922318
0.151563420892
0.151460602880
0.151397064328
0.151373103261
0.151388540864
0.151443615556
0.151539102197
0.151675000787
0.151850655675
0.152066960931
0.152323022485
0.152618721128
0.152952924371
0.153326585889
0.153738215566
0.154187813401
0.154674604535
0.155197516084
0.155755832791
0.156349495053
0.156976118684
0.157636359334
0.158328965306
0.881007909775
0.715707004070
0.657767176628
0.631349444389
0.614072084427
0.600473940372
0.589761078358
0.582115888596
0.577616035938
0.575983285904
0.576615452766
0.578722774982
0.581491529942
0.584227263927
0.586431205273
0.587819874287
0.588296830654
0.587899148464
0.586744964123
0.584989786148
0.582794249058
0.580304324627
0.577645778656
0.574919044971
0.572201907635
0.569548487663
0.566998541355
0.564576983452
0.562299787998
0.560175955296
0.558206617832
0.556391417980
0.554729104042
0.553214192390
0.551843285561
0.550612747669
0.549517750740
0.548556268215
0.547724545002
0.547022342682
0.546447873116
0.545999586582
0.545680999756
0.545489668846
0.545427918434
0.545496642590
0.545697510242
0.546032130718
0.546501874924
0.547107219696
0.547851264477
0.548733115196
0.549755096436
0.550917088985
0.552219986916
0.553661942482
0.555243968964
0.556964159012
0.558821916580
0.560815095901
0.562943160534
0.565201282501
0.567590415478
0.570104956627
0.081439211965
0.059774532914
0.049866810441
0.045337334275
0.042917504907
0.040470376611
0.037636831403
0.034999981523
0.033063426614
0.031971052289
0.031616523862
0.031803622842
0.032332256436
0.033038750291
0.033802345395
0.034541085362
0.035202577710
0.035758092999
0.036192610860
0.036504879594
0.036698535085
0.036781206727
0.036764457822
0.036660328507
0.036480620503
0.036238089204
0.035944595933
0.035611823201
0.035249844193
0.034866884351
0.034473314881
0.034076407552
0.033682480454
0.033298805356
0.032930865884
0.032582476735
0.032259121537
0.031962648034
0.031697943807
0.031466260552
0.031270638108
0.031112389639
0.030992047861
0.030911581591
0.030871288851
0.030870871618
0.030911164358
0.030991273001
0.031110899523
0.031270220876
0.031466618180
0.031700566411
0.031970217824
0.032274499536
0.032612755895
0.032982423902
0.033382192254
0.033810213208
0.034265652299
0.034745648503
0.035249844193
0.035774543881
0.036319628358
0.036882534623
0.818622231483
0.662662923336
0.607424795628
0.582686483860
0.567456126213
0.556211829185
0.547808825970
0.542156517506
0.539216578007
0.538721621037
0.540153503418
0.542832136154
0.546042442322
0.549158215523
0.551717102528
0.553447127342
0.554249286652
0.554151058197
0.553261041641
0.551729023457
0.549708247185
0.547345459461
0.544768810272
0.542079567909
0.539358377457
0.536664664745
0.534042656422
0.531520128250
0.529120087624
0.526851117611
0.524719953537
0.522729933262
0.520879864693
0.519169867039
0.517596244812
0.516157329082
0.514850735664
0.513675153255
0.512627959251
0.511707663536
0.510913670063
0.510247170925
0.509705960751
0.509292006493
0.509005010128
0.508846044540
0.508815169334
0.508912563324
0.509139358997
0.509496927261
0.509984314442
0.510602295399
0.511349916458
0.512227475643
0.513233423233
0.514367163181
0.515628039837
0.517012417316
0.518521130085
0.520150363445
0.521898746490
0.523762583733
0.525739312172
0.527827560902
0.139433696866
0.109342232347
0.094528809190
0.085683837533
0.081343010068
0.080343917012
0.080856457353
0.081549957395
0.081953898072
0.082078352571
0.082058921456
0.081995561719
0.081934526563
0.081884995103
0.081834688783
0.081768348813
0.081669703126
0.081526353955
0.081331446767
0.081081941724
0.080776944757
0.080419793725
0.080015137792
0.079566910863
0.079082027078
0.078568175435
0.078030064702
0.077475562692
0.076910510659
0.076341047883
0.075773552060
0.075211659074
0.074662759900
0.074129953980
0.073617175221
0.073129013181
0.072668567300
0.072238877416
0.071842804551
0.071481898427
0.071159198880
0.070875719190
0.070632949471
0.070431128144
0.070271983743
0.070155873895
0.070082917809
0.070052996278
0.070066645741
0.070122376084
0.070220842957
0.070360675454
0.070540860295
0.070761039853
0.071020260453
0.071316912770
0.071649923921
0.072018399835
0.072419777513
0.072852984071
0.073316887021
0.073810115457
0.074331060052
0.074878111482
0.652500152588
0.521572589874
0.474601954222
0.454400032759
0.443125814199
0.435358673334
0.429522484541
0.425249844790
0.422493129969
0.421186655760
0.421122938395
0.421958595514
0.423279076815
0.424679964781
0.425836414099
0.426541000605
0.426700502634
0.426316708326
0.425452321768
0.424201041460
0.422669798136
0.420956283808
0.419145315886
0.417307764292
0.415495425463
0.413747161627
0.412089675665
0.410535663366
0.409096926451
0.407775968313
0.406569987535
0.405479937792
0.404497772455
0.403619915247
0.402841061354
0.402155727148
0.401558548212
0.401044815779
0.400611311197
0.400254338980
0.399970620871
0.399758487940
0.399615973234
0.399542421103
0.399536103010
0.399596422911
0.399723142385
0.399916559458
0.400175839663
0.400501996279
0.400892406702
0.401350647211
0.401874512434
0.402464658022
0.403121262789
0.403843432665
0.404630094767
0.405483037233
0.406399041414
0.407379895449
0.408422738314
0.409527093172
0.410693079233
0.411918014288
