0.316288679838
0.227493315935
0.200251579285
0.191227197647
0.187985986471
0.186657309532
0.185941159725
0.185386121273
0.184846490622
0.184279948473
0.183683156967
0.183061063290
0.182421684265
0.181771934032
0.181116312742
0.180456370115
0.179797947407
0.179138958454
0.178483515978
0.177830249071
0.177180320024
0.176534533501
0.175893425941
0.175256401300
0.174623131752
0.173995971680
0.173373609781
0.172754913568
0.172142863274
0.171535879374
0.170934200287
0.170337855816
0.169747442007
0.169161647558
0.168583750725
0.168010711670
0.167444407940
0.166883558035
0.166330277920
0.165782600641
0.165240883827
0.164707720280
0.164180994034
0.163661926985
0.163149952888
0.162645220757
0.162149786949
0.161660254002
0.161181300879
0.160709828138
0.160247027874
0.159794241190
0.159350663424
0.158916026354
0.158492267132
0.158078312874
0.157676160336
0.157284468412
0.156904131174
0.156535625458
0.156180322170
0.155837506056
0.155507385731
0.155190408230
0.404466032982
0.300391077995
0.266477435827
0.254344731569
0.249597519636
0.247514933348
0.246392041445
0.245587289333
0.244860619307
0.244132518768
0.243380516768
0.242605239153
0.241810470819
0.241001307964
0.240183055401
0.239359438419
0.238532125950
0.237702667713
0.236873358488
0.236046284437
0.235220402479
0.234395861626
0.233574330807
0.232757121325
0.231943696737
0.231133073568
0.230327755213
0.229526013136
0.228730201721
0.227938562632
0.227153062820
0.226373642683
0.225598841906
0.224830120802
0.224067807198
0.223311692476
0.222562074661
0.221819281578
0.221082776785
0.220353573561
0.219631135464
0.218916803598
0.218209445477
0.217509716749
0.216817617416
0.216134220362
0.215458631516
0.214790940285
0.214131861925
0.213482409716
0.212841361761
0.212209552526
0.211587190628
0.210974693298
0.210372835398
0.209780007601
0.209198355675
0.208628058434
0.208068072796
0.207519263029
0.206983059645
0.206458956003
0.205946564674
0.205447018147
0.453739464283
0.344307899475
0.308107256889
0.295077413321
0.290083885193
0.288019865751
0.286981225014
0.286238521338
0.285530745983
0.284777700901
0.283970028162
0.283114612103
0.282227754593
0.281319200993
0.280397236347
0.279467374086
0.278536468744
0.277604877949
0.276674777269
0.275747567415
0.274825483561
0.273906886578
0.272993266582
0.272084712982
0.271182537079
0.270285427570
0.269393622875
0.268509536982
0.267629772425
0.266757011414
0.265889436007
0.265029102564
0.264175713062
0.263328969479
0.262488454580
0.261655837297
0.260830372572
0.260012269020
0.259200751781
0.258396744728
0.257601857185
0.256813943386
0.256033807993
0.255262702703
0.254499226809
0.253745019436
0.252999275923
0.252261847258
0.251535087824
0.250817000866
0.250108569860
0.249411374331
0.248723566532
0.248046994209
0.247381567955
0.246727406979
0.246084898710
0.245454221964
0.244836926460
0.244231283665
0.243640452623
0.243062406778
0.242498993874
0.241950601339
0.510402083397
0.393952935934
0.354739308357
0.340644508600
0.335499763489
0.333628088236
0.332825034857
0.332240968943
0.331589847803
0.330807715654
0.329906970263
0.328921496868
0.327882468700
0.326812058687
0.325727373362
0.324639469385
0.323556542397
0.322480261326
0.321415632963
0.320363819599
0.319323003292
0.318297505379
0.317284256220
0.316284596920
0.315297961235
0.314324080944
0.313362866640
0.312414526939
0.311477243900
0.310552209616
0.309640318155
0.308738559484
0.307848125696
0.306969702244
0.306103229523
0.305246859789
0.304402083158
0.303568869829
0.302746951580
0.301935791969
0.301135748625
0.300348490477
0.299572080374
0.298807471991
0.298055529594
0.297315776348
0.296588212252
0.295873761177
0.295172840357
0.294484913349
0.293810933828
0.293151468039
0.292507112026
0.291878521442
0.291265696287
0.290668576956
0.290089309216
0.289526879787
0.288983672857
0.288460344076
0.287955939770
0.287472307682
0.287010490894
0.286570370197
0.119643308222
0.082897819579
0.071194268763
0.067002452910
0.065292455256
0.064461626112
0.063949324191
0.063554294407
0.063200809062
0.062859900296
0.062522836030
0.062186934054
0.061850614846
0.061513371766
0.061176247895
0.060839034617
0.060502089560
0.060165144503
0.059828229249
0.059491761029
0.059155412018
0.058818079531
0.058481194079
0.058145202696
0.057808972895
0.057471729815
0.057134307921
0.056797154248
0.056459911168
0.056122012436
0.055784113705
0.055447049439
0.055108346045
0.054769344628
0.054430939257
0.054091341794
0.053752191365
0.053413368762
0.053073234856
0.052733398974
0.052393741906
0.052053637803
0.051713474095
0.051373310387
0.051033116877
0.050693459809
0.050352670252
0.050013162196
0.049672551453
0.049332924187
0.048992462456
0.048652686179
0.048313833773
0.047974802554
0.047635920346
0.047297872603
0.046960748732
0.046623565257
0.046287126839
0.045951552689
0.045617200434
0.045283593237
0.044951684773
0.044620193541
0.197712749243
0.132509052753
0.114411808550
0.109295077622
0.107880778611
0.107457078993
0.107201851904
0.106889851391
0.106481976807
0.105990923941
0.105446733534
0.104866571724
0.104270435870
0.103667654097
0.103066749871
0.102471865714
0.101886428893
0.101311184466
0.100747086108
0.100194521248
0.099653936923
0.099124975502
0.098607428372
0.098099835217
0.097604520619
0.097118444741
0.096643187106
0.096177674830
0.095720358193
0.095273829997
0.094836957753
0.094408370554
0.093988575041
0.093578077853
0.093175984919
0.092782534659
0.092398263514
0.092022277415
0.091653861105
0.091295696795
0.090946324170
0.090604819357
0.090274073184
0.089951105416
0.089639015496
0.089335925877
0.089042969048
0.088759668171
0.088488824666
0.088228143752
0.087978936732
0.087742008269
0.087517894804
0.087305970490
0.087108679116
0.086925126612
0.086756981909
0.086604394019
0.086469210684
0.086351223290
0.086251474917
0.086171515286
0.086112447083
0.086074210703
0.074805743992
0.047716565430
0.038957573473
0.035827435553
0.034568347037
0.033954389393
0.033563144505
0.033243246377
0.032941557467
0.032643534243
0.032341994345
0.032039083540
0.031734026968
0.031429775059
0.031124986708
0.030820913613
0.030518330634
0.030217237771
0.029917247593
0.029618389904
0.029320962727
0.029024846852
0.028730072081
0.028437264264
0.028144009411
0.027852572501
0.027560688555
0.027271606028
0.026981778443
0.026693321764
0.026406206191
0.026117838919
0.025831319392
0.025545336306
0.025258697569
0.024973161519
0.024688161910
0.024402774870
0.024118222296
0.023833192885
0.023548640311
0.023265190423
0.022980608046
0.022697575390
0.022413618863
0.022129960358
0.021845258772
0.021563567221
0.021279878914
0.020996667445
0.020714469254
0.020431704819
0.020149566233
0.019867070019
0.019585438073
0.019303657115
0.019023872912
0.018743552268
0.018463738263
0.018185056746
0.017907775939
0.017630048096
0.017354764044
0.017080195248
0.029282100499
0.012426085770
0.006597317755
0.004368878901
0.003406234086
0.002910979092
0.002590067685
0.002333886921
0.002099730074
0.001872755587
0.001645751297
0.001417554915
0.001186944544
0.000954307616
0.000719256699
0.000481523573
0.000243343413
0.000002063811
-0.000241868198
-0.000486873090
-0.000734917819
-0.000984750688
-0.001237057149
-0.001490734518
-0.001747839153
-0.002007596195
-0.002269767225
-0.002533607185
-0.002800576389
-0.003070436418
-0.003342978656
-0.003618739545
-0.003896765411
-0.004179261625
-0.004463605583
-0.004752479494
-0.005044363439
-0.005340389907
-0.005638800561
-0.005942068994
-0.006249062717
-0.006559871137
-0.006875298917
-0.007195644081
-0.007520340383
-0.007850132883
-0.008184872568
-0.008525006473
-0.008869878948
-0.009220115840
-0.009576253593
-0.009939007461
-0.010306768119
-0.010682456195
-0.011064045131
-0.011452876031
-0.011847905815
-0.012250982225
-0.012662045658
-0.013079576194
-0.013505779207
-0.013941101730
-0.014384739101
-0.014836274087
0.095981158316
0.063633449376
0.053438790143
0.049907214940
0.048539705575
0.047898449004
0.047495372593
0.047160692513
0.046839423478
0.046513952315
0.046181686223
0.045844532549
0.045504845679
0.045163877308
0.044820792973
0.044480867684
0.044140644372
0.043802268803
0.043464817107
0.043129034340
0.042796172202
0.042463876307
0.042133070529
0.041803814471
0.041476525366
0.041149802506
0.040825136006
0.040500648320
0.040177054703
0.039855398238
0.039535559714
0.039214856923
0.038895674050
0.038577683270
0.038261033595
0.037944622338
0.037628598511
0.037314482033
0.037000246346
0.036687232554
0.036374934018
0.036063618958
0.035753525794
0.035443492234
0.035135574639
0.034827239811
0.034521438181
0.034215368330
0.033910430968
0.033607400954
0.033305473626
0.033004738390
0.032705642283
0.032408095896
0.032111532986
0.031816966832
0.031524397433
0.031234778464
0.030946291983
0.030661143363
0.030378378928
0.030098147690
0.029822178185
0.029548890889
0.585618495941
0.452149748802
0.403438776731
0.384937047958
0.378247886896
0.376152843237
0.375566363335
0.375234395266
0.374726444483
0.373960405588
0.372969776392
0.371819823980
0.370568960905
0.369263261557
0.367931962013
0.366594463587
0.365265429020
0.363953113556
0.362660229206
0.361389189959
0.360142052174
0.358918219805
0.357718288898
0.356540173292
0.355384826660
0.354250878096
0.353136211634
0.352042436600
0.350967258215
0.349910050631
0.348870515823
0.347848325968
0.346842408180
0.345853239298
0.344878762960
0.343921035528
0.342978179455
0.342049509287
0.341136127710
0.340236485004
0.339351952076
0.338482141495
0.337626218796
0.336784571409
0.335956752300
0.335145711899
0.334347963333
0.333565950394
0.332799077034
0.332048803568
0.331313848495
0.330595552921
0.329894036055
0.329210937023
0.328546434641
0.327900111675
0.327273130417
0.326666682959
0.326081573963
0.325518369675
0.324978083372
0.324461847544
0.323971033096
0.323505431414
0.396464109421
0.281907200813
0.250238686800
0.241561770439
0.239425331354
0.239038586617
0.238938063383
0.238703429699
0.238261848688
0.237642765045
0.236894905567
0.236062437296
0.235179305077
0.234269469976
0.233346134424
0.232422500849
0.231502085924
0.230590701103
0.229689806700
0.228801846504
0.227926373482
0.227064400911
0.226217091084
0.225385129452
0.224566698074
0.223762303591
0.222972393036
0.222196847200
0.221435457468
0.220689177513
0.219956547022
0.219238847494
0.218535810709
0.217847347260
0.217174082994
0.216516345739
0.215872645378
0.215244889259
0.214632123709
0.214036643505
0.213457614183
0.212894380093
0.212348282337
0.211819946766
0.211308777332
0.210816711187
0.210342586040
0.209889262915
0.209454745054
0.209040135145
0.208646893501
0.208276301622
0.207928448915
0.207603603601
0.207301795483
0.207027345896
0.206776380539
0.206553101540
0.206358343363
0.206192821264
0.206056833267
0.205952495337
0.205881237984
0.205843359232
0.354485690594
0.258955389261
0.228334337473
0.217532396317
0.213317304850
0.211437910795
0.210395306349
0.209636211395
0.208958119154
0.208288162947
0.207607418299
0.206912904978
0.206206470728
0.205491423607
0.204770535231
0.204047083855
0.203322499990
0.202597349882
0.201873570681
0.201152831316
0.200433164835
0.199716746807
0.199003905058
0.198293775320
0.197588622570
0.196887493134
0.196190088987
0.195498615503
0.194811284542
0.194128751755
0.193451881409
0.192778855562
0.192112445831
0.191452056170
0.190797448158
0.190148442984
0.189504891634
0.188868761063
0.188238829374
0.187614351511
0.186997234821
0.186386764050
0.185782909393
0.185186982155
0.184597313404
0.184016823769
0.183442473412
0.182876735926
0.182318061590
0.181768417358
0.181227296591
0.180694639683
0.180170267820
0.179655849934
0.179149985313
0.178654283285
0.178168118000
0.177693367004
0.177228242159
0.176773905754
0.176331311464
0.175899177790
0.175479948521
0.175073355436
0.324585974216
0.226066350937
0.198638528585
0.190978676081
0.188995391130
0.188566893339
0.188433557749
0.188228994608
0.187880605459
0.187404990196
0.186834484339
0.186201334000
0.185530841351
0.184838235378
0.184135437012
0.183429539204
0.182726055384
0.182026296854
0.181335717440
0.180651217699
0.179976224899
0.179310470819
0.178653866053
0.178006649017
0.177369177341
0.176742762327
0.176125168800
0.175516426563
0.174919635057
0.174330294132
0.173752665520
0.173185169697
0.172627121210
0.172079354525
0.171540915966
0.171014398336
0.170497268438
0.169991910458
0.169496774673
0.169012010098
0.168540090322
0.168079465628
0.167631089687
0.167192786932
0.166768521070
0.166357249022
0.165959447622
0.165573596954
0.165202736855
0.164846271276
0.164504766464
0.164176702499
0.163866966963
0.163572728634
0.163295596838
0.163035959005
0.162795335054
0.162572354078
0.162369370461
0.162188619375
0.162027031183
0.161888867617
0.161773324013
0.161681532860
0.657797217369
0.512028157711
0.458581984043
0.438220858574
0.430772721767
0.428318083286
0.427441179752
0.426750123501
0.425783872604
0.424476921558
0.422895371914
0.421128928661
0.419258236885
0.417339682579
0.415412634611
0.413502991199
0.411626815796
0.409792155027
0.408003181219
0.406262904406
0.404572278261
0.402930855751
0.401337444782
0.399790257215
0.398290991783
0.396834224463
0.395421653986
0.394051283598
0.392722636461
0.391433656216
0.390185058117
0.388975262642
0.387804031372
0.386671006680
0.385575801134
0.384518206120
0.383498698473
0.382515966892
0.381571561098
0.380665153265
0.379798650742
0.378969728947
0.378181427717
0.377434253693
0.376728653908
0.376065015793
0.375446349382
0.374871969223
0.374345272779
0.373866766691
0.373438149691
0.373062074184
0.372738629580
0.372472792864
0.372266471386
0.372120141983
0.372038483620
0.372021943331
0.372076839209
0.372203826904
0.372407287359
0.372690796852
0.373056441545
0.373510658741
0.437776982784
0.330994188786
0.295503258705
0.282590717077
0.277536839247
0.275380253792
0.274267435074
0.273481965065
0.272761732340
0.272018224001
0.271232724190
0.270410984755
0.269560605288
0.268689721823
0.267807662487
0.266917586327
0.266022294760
0.265125840902
0.264229357243
0.263334274292
0.262440085411
0.261548578739
0.260660856962
0.259776771069
0.258896410465
0.258019864559
0.257147967815
0.256280273199
0.255417853594
0.254560858011
0.253709316254
0.252863436937
0.252022564411
0.251188218594
0.250360161066
0.249537229538
0.248721480370
0.247912317514
0.247109532356
0.246313542128
0.245525330305
0.244744122028
0.243970096111
0.243204206228
0.242445766926
0.241694867611
0.240952372551
0.240218490362
0.239493429661
0.238776147366
0.238068729639
0.237370818853
0.236681878567
0.236003130674
0.235334068537
0.234675645828
0.234028100967
0.233391642570
0.232766568661
0.232153147459
0.231551289558
0.230962038040
0.230386078358
0.229822754860
0.053794063628
0.032126493752
0.024820663035
0.022065766156
0.020882762969
0.020272023976
0.019875623286
0.019559271634
0.019273795187
0.018998809159
0.018725670874
0.018455065787
0.018183536828
0.017912544310
0.017640717328
0.017370201647
0.017098106444
0.016827143729
0.016556330025
0.016285039485
0.016013570130
0.015741445124
0.015470243990
0.015197284520
0.014925457537
0.014652587473
0.014377839863
0.014105357230
0.013830550015
0.013554550707
0.013279236853
0.013002820313
0.012724973261
0.012445934117
0.012166567147
0.011885710061
0.011604286730
0.011321730912
0.011037416756
0.010752357543
0.010464824736
0.010175980628
0.009886242449
0.009594775736
0.009301342070
0.009005762637
0.008707739413
0.008409239352
0.008107818663
0.007805146277
0.007499195635
0.007191427052
0.006880350411
0.006568111479
0.006251730025
0.005933888257
0.005612380803
0.005288876593
0.004961498082
0.004631824791
0.004298694432
0.003962494433
0.003623105586
0.003280438483
0.366819351912
0.262011289597
0.231279671192
0.221886157990
0.218946903944
0.217964231968
0.217492848635
0.217069178820
0.216568797827
0.215975761414
0.215308845043
0.214590221643
0.213837057352
0.213065862656
0.212284177542
0.211498469114
0.210714012384
0.209931910038
0.209154903889
0.208383321762
0.207619100809
0.206862717867
0.206113398075
0.205372452736
0.204639345407
0.203914582729
0.203197717667
0.202489852905
0.201790988445
0.201100498438
0.200419247150
0.199747085571
0.199083417654
0.198428928852
0.197783946991
0.197148382664
0.196522921324
0.195907592773
0.195301204920
0.194705218077
0.194120436907
0.193545311689
0.192981481552
0.192428261042
0.191886454821
0.191356182098
0.190838843584
0.190332829952
0.189839124680
0.189358830452
0.188892126083
0.188437551260
0.187998771667
0.187574356794
0.187163710594
0.186769366264
0.186390727758
0.186029136181
0.185684651136
0.185357153416
0.185049057007
0.184758514166
0.184487283230
0.184236973524
0.418437838554
0.315664857626
0.279232263565
0.264813989401
0.258704662323
0.255951642990
0.254543215036
0.253635793924
0.252885490656
0.252161979675
0.251421689987
0.250655025244
0.249862849712
0.249050885439
0.248224258423
0.247385799885
0.246538311243
0.245685547590
0.244828134775
0.243968337774
0.243105232716
0.242241144180
0.241376459599
0.240511536598
0.239647626877
0.238785535097
0.237924903631
0.237065017223
0.236209481955
0.235356479883
0.234507292509
0.233661651611
0.232820510864
0.231983274221
0.231152266264
0.230325669050
0.229503631592
0.228688240051
0.227878987789
0.227074474096
0.226276755333
0.225486814976
0.224700987339
0.223923861980
0.223152816296
0.222390234470
0.221633583307
0.220884054899
0.220142543316
0.219407856464
0.218681246042
0.217962831259
0.217252522707
0.216549605131
0.215854734182
0.215169221163
0.214490562677
0.213821917772
0.213161200285
0.212508797646
0.211865484715
0.211231648922
0.210607022047
0.209991097450
0.421845674515
0.318181335926
0.283381611109
0.270494103432
0.265317380428
0.263031899929
0.261828064919
0.260989934206
0.260250061750
0.259510725737
0.258746623993
0.257953047752
0.257137387991
0.256303787231
0.255458325148
0.254604220390
0.253745436668
0.252884000540
0.252020269632
0.251155197620
0.250291347504
0.249429494143
0.248566985130
0.247708112001
0.246852099895
0.245999246836
0.245149314404
0.244302421808
0.243460267782
0.242622017860
0.241788595915
0.240960061550
0.240135967731
0.239318192005
0.238505959511
0.237698584795
0.236897289753
0.236102759838
0.235314071178
0.234531283379
0.233756273985
0.232986569405
0.232224911451
0.231469780207
0.230721741915
0.229982435703
0.229249387980
0.228525131941
0.227808713913
0.227100610733
0.226400524378
0.225708842278
0.225027203560
0.224353194237
0.223689138889
0.223034679890
0.222390621901
0.221755295992
0.221130967140
0.220517307520
0.219914853573
0.219322413206
0.218742370605
0.218173950911
0.091176904738
0.060949750245
0.051190115511
0.047665007412
0.046214766800
0.045494504273
0.045036055148
0.044668979943
0.044331975281
0.044003225863
0.043674565852
0.043345607817
0.043015755713
0.042685188353
0.042354889214
0.042025394738
0.041695810854
0.041365958750
0.041036911309
0.040709324181
0.040381737053
0.040055461228
0.039727605879
0.039401091635
0.039075203240
0.038749851286
0.038424171507
0.038098014891
0.037773914635
0.037448085845
0.037123270333
0.036798544228
0.036473907530
0.036149419844
0.035823650658
0.035499222577
0.035174436867
0.034848816693
0.034524567425
0.034198887646
0.033873237669
0.033548362553
0.033223606646
0.032897777855
0.032572306693
0.032246418297
0.031919367611
0.031595148146
0.031268663704
0.030942268670
0.030616648495
0.030290253460
0.029964514077
0.029638655484
0.029312379658
0.028986401856
0.028659977019
0.028335310519
0.028009839356
0.027685351670
0.027360506356
0.027036555111
0.026713050902
0.026390768588
0.636312425137
0.488554358482
0.434207141399
0.412043392658
0.402392864227
0.397866100073
0.395311117172
0.393389880657
0.391590535641
0.389755278826
0.387860745192
0.385930150747
0.383989751339
0.382063299417
0.380167782307
0.378311485052
0.376502215862
0.374741822481
0.373031616211
0.371371835470
0.369762927294
0.368201315403
0.366688698530
0.365222126245
0.363800913095
0.362423807383
0.361091077328
0.359799444675
0.358550965786
0.357342362404
0.356174707413
0.355047941208
0.353959769011
0.352912187576
0.351904302835
0.350935161114
0.350007534027
0.349119275808
0.348271787167
0.347465485334
0.346701890230
0.345979928970
0.345301270485
0.344669044018
0.344082236290
0.343543618917
0.343052685261
0.342613667250
0.342226088047
0.341893553734
0.341618031263
0.341401070356
0.341246485710
0.341156810522
0.341134160757
0.341181933880
0.341303437948
0.341504782438
0.341787397861
0.342155635357
0.342615008354
0.343170523643
0.343826860189
0.344589233398
0.244508504868
0.175485163927
0.153999567032
0.146639883518
0.143838196993
0.142587423325
0.141860634089
0.141296595335
0.140772581100
0.140248805285
0.139713644981
0.139171510935
0.138624310493
0.138075232506
0.137525290251
0.136978179216
0.136432945728
0.135891586542
0.135355681181
0.134821951389
0.134291887283
0.133767247200
0.133245140314
0.132728010416
0.132214516401
0.131704449654
0.131198495626
0.130695521832
0.130197107792
0.129702091217
0.129210382700
0.128722965717
0.128238260746
0.127758026123
0.127281337976
0.126808494329
0.126339703798
0.125873625278
0.125412493944
0.124955452979
0.124502010643
0.124053902924
0.123609133065
0.123170055449
0.122734405100
0.122304476798
0.121878989041
0.121459431946
0.121044613421
0.120634831488
0.120231963694
0.119833983481
0.119442082942
0.119058765471
0.118679679930
0.118309088051
0.117944277823
0.117587454617
0.117239274085
0.116898305714
0.116565503180
0.116241611540
0.115927584469
0.115621842444
0.380651772022
0.284099996090
0.250994086266
0.238219678402
0.232747972012
0.230129927397
0.228663802147
0.227658390999
0.226830393076
0.226066589355
0.225321382284
0.224577993155
0.223830074072
0.223078608513
0.222321867943
0.221562594175
0.220800668001
0.220037132502
0.219273984432
0.218510270119
0.217747330666
0.216985404491
0.216226398945
0.215468496084
0.214712768793
0.213960230350
0.213212490082
0.212466746569
0.211725741625
0.210988283157
0.210256487131
0.209528326988
0.208804577589
0.208086997271
0.207373738289
0.206667542458
0.205966502428
0.205269783735
0.204580783844
0.203897267580
0.203220576048
0.202549427748
0.201884657145
0.201227545738
0.200576484203
0.199932187796
0.199294626713
0.198664277792
0.198041945696
0.197425901890
0.196818292141
0.196217358112
0.195624142885
0.195039063692
0.194461166859
0.193891644478
0.193331420422
0.192778736353
0.192234665155
0.191699445248
0.191172331572
0.190655022860
0.190147042274
0.189648777246
0.133541941643
0.093940116465
0.081219919026
0.076568640769
0.074620433152
0.073656745255
0.073070980608
0.072637476027
0.072266615927
0.071923889220
0.071593560278
0.071270950139
0.070950664580
0.070635147393
0.070321179926
0.070009775460
0.069698728621
0.069389827549
0.069082893431
0.068775691092
0.068468071520
0.068162418902
0.067857541144
0.067552275956
0.067246980965
0.066942162812
0.066637732089
0.066332586110
0.066028960049
0.065723426640
0.065418548882
0.065113075078
0.064808554947
0.064502157271
0.064196474850
0.063890971243
0.063584335148
0.063277997077
0.062971837819
0.062665171921
0.062356807292
0.062049336731
0.061741389334
0.061433322728
0.061125345528
0.060816682875
0.060508556664
0.060198970139
0.059889651835
0.059580184519
0.059271313250
0.058961369097
0.058652557433
0.058342762291
0.058033235371
0.057722397149
0.057413257658
0.057103283703
0.056793607771
0.056484319270
0.056174702942
0.055865295231
0.055556155741
0.055247552693
0.405886948109
0.294863134623
0.261341065168
0.250627487898
0.247025966644
0.245694786310
0.245019733906
0.244460195303
0.243852317333
0.243166267872
0.242412060499
0.241607725620
0.240771234035
0.239916533232
0.239050447941
0.238180577755
0.237311810255
0.236445158720
0.235584735870
0.234729677439
0.233881384134
0.233040243387
0.232206583023
0.231381356716
0.230564057827
0.229755222797
0.228954255581
0.228162854910
0.227379441261
0.226605206728
0.225840032101
0.225082933903
0.224336296320
0.223598718643
0.222868829966
0.222150236368
0.221440106630
0.220741480589
0.220051229000
0.219372242689
0.218703120947
0.218044281006
0.217396855354
0.216759562492
0.216134428978
0.215519934893
0.214918613434
0.214328646660
0.213750749826
0.213185906410
0.212634533644
0.212096542120
0.211573183537
0.211063086987
0.210567831993
0.210088014603
0.209624350071
0.209176868200
0.208745300770
0.208331704140
0.207935214043
0.207558065653
0.207199007273
0.206860065460
0.450637638569
0.331304490566
0.296079576015
0.285272210836
0.281917870045
0.280839830637
0.280327469110
0.279828339815
0.279195338488
0.278421282768
0.277538329363
0.276582241058
0.275581747293
0.274557769299
0.273522377014
0.272487074137
0.271457046270
0.270436674356
0.269425779581
0.268427371979
0.267442137003
0.266469597816
0.265511840582
0.264568090439
0.263637453318
0.262720316648
0.261816471815
0.260927617550
0.260050863028
0.259187847376
0.258337467909
0.257501929998
0.256680518389
0.255872249603
0.255077302456
0.254295647144
0.253528237343
0.252774983644
0.252036213875
0.251312255859
0.250602424145
0.249908059835
0.249228358269
0.248564720154
0.247916758060
0.247286826372
0.246672898531
0.246075302362
0.245495557785
0.244935035706
0.244391858578
0.243868380785
0.243365973234
0.242883503437
0.242423355579
0.241984009743
0.241568744183
0.241175919771
0.240808159113
0.240466654301
0.240150541067
0.239861607552
0.239601612091
0.239370793104
0.371775895357
0.258971273899
0.229510307312
0.222263962030
0.220970898867
0.221070915461
0.221237927675
0.221141368151
0.220758706331
0.220149427652
0.219387710094
0.218528240919
0.217613577843
0.216670989990
0.215720176697
0.214772284031
0.213834494352
0.212911009789
0.212004661560
0.211117833853
0.210250854492
0.209403842688
0.208578050137
0.207771748304
0.206986397505
0.206220626831
0.205475389957
0.204751253128
0.204045891762
0.203361213207
0.202696561813
0.202052235603
0.201427787542
0.200824469328
0.200241684914
0.199679195881
0.199139118195
0.198619663715
0.198122173548
0.197647869587
0.197195857763
0.196769028902
0.196365088224
0.195985108614
0.195632129908
0.195305436850
0.195005476475
0.194733828306
0.194491833448
0.194279879332
0.194099307060
0.193952381611
0.193838685751
0.193760633469
0.193720549345
0.193718075752
0.193757295609
0.193838566542
0.193964987993
0.194138050079
0.194359809160
0.194632947445
0.194961130619
0.195347309113
0.036553002894
0.018691606820
0.012553848326
0.010201968253
0.009175457060
0.008634276688
0.008275277913
0.007984168828
0.007716365159
0.007454074919
0.007192291319
0.006929434836
0.006661899388
0.006392903626
0.006120838225
0.005845673382
0.005567856133
0.005286790431
0.005004115403
0.004717148840
0.004429019988
0.004136987031
0.003842212260
0.003544904292
0.003244526684
0.002941645682
0.002635903656
0.002326555550
0.002014257014
0.001699097455
0.001380361617
0.001058377326
0.000733263791
0.000404246151
0.000072516501
-0.000264815986
-0.000604920089
-0.000949315727
-0.001297645271
-0.001650445163
-0.002006702125
-0.002369247377
-0.002735637128
-0.003106795251
-0.003481857479
-0.003864400089
-0.004251055419
-0.004642866552
-0.005040846765
-0.005445264280
-0.005856148899
-0.006272040308
-0.006695859134
-0.007125876844
-0.007563404739
-0.008008532226
-0.008460007608
-0.008920036256
-0.009388439357
-0.009864769876
-0.010350637138
-0.010844521224
-0.011347733438
-0.011860691011
0.367887228727
0.273920297623
0.240268617868
0.226440131664
0.220088899136
0.216849029064
0.214966207743
0.213692277670
0.212694883347
0.211828142405
0.211023837328
0.210252255201
0.209499061108
0.208758085966
0.208023965359
0.207297235727
0.206575244665
0.205858111382
0.205145329237
0.204437077045
0.203732788563
0.203033447266
0.202337503433
0.201647281647
0.200960665941
0.200279116631
0.199602484703
0.198930174112
0.198264062405
0.197601437569
0.196945577860
0.196294486523
0.195649296045
0.195009559393
0.194375872612
0.193747341633
0.193124711514
0.192507863045
0.191897958517
0.191292762756
0.190694034100
0.190102159977
0.189515590668
0.188936024904
0.188361525536
0.187794834375
0.187233537436
0.186678588390
0.186129122972
0.185587465763
0.185052275658
0.184523046017
0.184000641108
0.183484435081
0.182974606752
0.182472616434
0.181976944208
0.181487411261
0.181005328894
0.180530041456
0.180062770844
0.179600775242
0.179147541523
0.178701281548
0.287055313587
0.193367779255
0.168815761805
0.162598192692
0.161298871040
0.161161631346
0.161104142666
0.160860836506
0.160410374403
0.159801393747
0.159084081650
0.158301979303
0.157485753298
0.156655550003
0.155825793743
0.155003875494
0.154194712639
0.153402745724
0.152628123760
0.151873141527
0.151136547327
0.150419205427
0.149721473455
0.149043023586
0.148381769657
0.147738814354
0.147113472223
0.146505981684
0.145915627480
0.145343571901
0.144786268473
0.144247323275
0.143724977970
0.143218874931
0.142730563879
0.142256975174
0.141801476479
0.141362518072
0.140941172838
0.140537202358
0.140150278807
0.139782011509
0.139431953430
0.139100164175
0.138788759708
0.138495653868
0.138224869967
0.137974023819
0.137745231390
0.137539237738
0.137356400490
0.137198746204
0.137066304684
0.136960417032
0.136882066727
0.136833190918
0.136814832687
0.136828124523
0.136874765158
0.136957138777
0.137076646090
0.137235105038
0.137435197830
0.137678921223
0.911111831665
0.714616298676
0.627178013325
0.589320182800
0.574981212616
0.570929229259
0.570346474648
0.570129394531
0.569172441959
0.567294180393
0.564652025700
0.561480164528
0.557982146740
0.554313182831
0.550579786301
0.546853601933
0.543176531792
0.539576232433
0.536067306995
0.532656967640
0.529347956181
0.526141941547
0.523034989834
0.520026803017
0.517114341259
0.514295816422
0.511567294598
0.508926153183
0.506372749805
0.503902137280
0.501514375210
0.499208450317
0.496981620789
0.494835078716
0.492768347263
0.490781724453
0.488873422146
0.487046122551
0.485299646854
0.483636617661
0.482057094574
0.480563819408
0.479157924652
0.477843940258
0.476623952389
0.475499927998
0.474477529526
0.473559081554
0.472749710083
0.472054183483
0.471479117870
0.471027195454
0.470706164837
0.470522701740
0.470484912395
0.470596611500
0.470868945122
0.471310436726
0.471926987171
0.472731471062
0.473731517792
0.474938452244
0.476362884045
0.478017866611
0.278359949589
0.188230425119
0.164135187864
0.157822728157
0.156401813030
0.156200796366
0.156142085791
0.155944585800
0.155572533607
0.155059725046
0.154450356960
0.153780639172
0.153077751398
0.152359932661
0.151638180017
0.150920361280
0.150210261345
0.149512112141
0.148826926947
0.148155897856
0.147498667240
0.146856993437
0.146228849888
0.145615458488
0.145014315844
0.144428193569
0.143856436014
0.143297016621
0.142750740051
0.142216891050
0.141696542501
0.141190052032
0.140694946051
0.140213817358
0.139744699001
0.139288783073
0.138846486807
0.138415724039
0.137999713421
0.137595951557
0.137206315994
0.136831313372
0.136470049620
0.136122435331
0.135791033506
0.135474830866
0.135172963142
0.134889215231
0.134620994329
0.134371519089
0.134138852358
0.133926093578
0.133731335402
0.133558243513
0.133405357599
0.133275598288
0.133168399334
0.133085697889
0.133028000593
0.132997810841
0.132994771004
0.133020997047
0.133078694344
0.133168518543
0.735505223274
0.570713937283
0.504022419453
0.475093781948
0.462342560291
0.456618726254
0.453642547131
0.451501071453
0.449447333813
0.447260379791
0.444926917553
0.442493200302
0.440011501312
0.437527716160
0.435071289539
0.432662725449
0.430312871933
0.428028047085
0.425810515881
0.423662960529
0.421583712101
0.419572412968
0.417626142502
0.415744334459
0.413925766945
0.412167340517
0.410469323397
0.408828198910
0.407245725393
0.405718207359
0.404246300459
0.402827471495
0.401464343071
0.400153547525
0.398897111416
0.397692799568
0.396543502808
0.395448029041
0.394406050444
0.393420130014
0.392489999533
0.391617655754
0.390802085400
0.390046894550
0.389352798462
0.388722598553
0.388156354427
0.387658774853
0.387231290340
0.386876314878
0.386595934629
0.386393308640
0.386275559664
0.386242866516
0.386298328638
0.386450409889
0.386698603630
0.387051194906
0.387512624264
0.388088256121
0.388783931732
0.389605045319
0.390558809042
0.391652226448
0.524558365345
0.402768641710
0.363138169050
0.349435180426
0.344612270594
0.342896848917
0.342124938965
0.341489374638
0.340736180544
0.339825332165
0.338784098625
0.337652862072
0.336468994617
0.335260391235
0.334043264389
0.332830548286
0.331627726555
0.330441266298
0.329272806644
0.328124731779
0.326996386051
0.325887352228
0.324798464775
0.323730438948
0.322680145502
0.321648478508
0.320636272430
0.319642037153
0.318664580584
0.317704260349
0.316761612892
0.315834850073
0.314926028252
0.314032584429
0.313155889511
0.312295049429
0.311450421810
0.310622453690
0.309810370207
0.309014290571
0.308235824108
0.307473301888
0.306727528572
0.305999696255
0.305289447308
0.304596751928
0.303922295570
0.303266763687
0.302630513906
0.302014708519
0.301419049501
0.300844728947
0.300292670727
0.299761831760
0.299256742001
0.298773407936
0.298317611217
0.297887623310
0.297484606504
0.297110348940
0.296764999628
0.296450316906
0.296167850494
0.295919626951
0.202612638474
0.143277496099
0.125268787146
0.119325645268
0.117189951241
0.116299726069
0.115805305541
0.115415550768
0.115035362542
0.114640422165
0.114228673279
0.113803483546
0.113369561732
0.112930901349
0.112489916384
0.112048365176
0.111609734595
0.111171193421
0.110734529793
0.110301084816
0.109869338572
0.109440661967
0.109013862908
0.108590640128
0.108168907464
0.107749052346
0.107332624495
0.106917865574
0.106505341828
0.106095887721
0.105688877404
0.105283208191
0.104880429804
0.104480274022
0.104082800448
0.103687383235
0.103294320405
0.102905012667
0.102517433465
0.102133162320
0.101751990616
0.101372756064
0.100997127593
0.100625343621
0.100256212056
0.099891759455
0.099529869854
0.099172867835
0.098818667233
0.098468817770
0.098124004900
0.097782917321
0.097446151078
0.097116149962
0.096789307892
0.096468813717
0.096154607832
0.095844097435
0.095541782677
0.095245160162
0.094955153763
0.094672746956
0.094396151602
0.094128437340
0.126657605171
0.086680985987
0.074356891215
0.070193864405
0.068635530770
0.067938394845
0.067516930401
0.067171223462
0.066835202277
0.066492117941
0.066137827933
0.065775103867
0.065407879651
0.065035976470
0.064664162695
0.064291752875
0.063918717206
0.063547410071
0.063176758587
0.062806911767
0.062439270318
0.062071867287
0.061707176268
0.061341948807
0.060978420079
0.060617007315
0.060255743563
0.059895433486
0.059536345303
0.059178240597
0.058820910752
0.058463908732
0.058108426630
0.057753808796
0.057399965823
0.057047523558
0.056695766747
0.056345053017
0.055995769799
0.055646426976
0.055298991501
0.054952479899
0.054607160389
0.054263956845
0.053920753300
0.053580351174
0.053239740431
0.052902586758
0.052566953003
0.052232302725
0.051899410784
0.051569528878
0.051242150366
0.050916351378
0.050594009459
0.050273753703
0.049957312644
0.049643404782
0.049332506955
0.049026019871
0.048723347485
0.048424072564
0.048130430281
0.047842092812
0.057505793869
0.034950561821
0.027394123375
0.024566210806
0.023361273110
0.022743709385
0.022343643010
0.022024162114
0.021733917296
0.021453090012
0.021175272763
0.020898796618
0.020621962845
0.020345784724
0.020068950951
0.019792295992
0.019516475499
0.019241549075
0.018965311348
0.018689192832
0.018414385617
0.018139220774
0.017864264548
0.017589367926
0.017314262688
0.017038561404
0.016763396561
0.016487456858
0.016211010516
0.015934474766
0.015657849610
0.015380240977
0.015102662146
0.014823831618
0.014544285834
0.014264024794
0.013982869685
0.013700343668
0.013417847455
0.013134159148
0.012849189341
0.012562818825
0.012274987996
0.011986948550
0.011696673930
0.011405594647
0.011112220585
0.010818459094
0.010521776974
0.010223872960
0.009924210608
0.009622938931
0.009319670498
0.009014584124
0.008707113564
0.008398450911
0.008086301386
0.007772900164
0.007457204163
0.007138766348
0.006818152964
0.006494708359
0.006169565022
0.005841530859
0.501509010792
0.386721402407
0.348013788462
0.334036797285
0.328880429268
0.326965570450
0.326126754284
0.325526416302
0.324877768755
0.324112564325
0.323239743710
0.322286427021
0.321281671524
0.320246130228
0.319197207689
0.318143665791
0.317091673613
0.316045910120
0.315007805824
0.313980340958
0.312963992357
0.311958670616
0.310964763165
0.309980958700
0.309010833502
0.308049619198
0.307100445032
0.306160330772
0.305232375860
0.304315119982
0.303407460451
0.302509695292
0.301623523235
0.300745844841
0.299879401922
0.299022763968
0.298176407814
0.297339141369
0.296512544155
0.295696020126
0.294889658689
0.294094413519
0.293309092522
0.292534023523
0.291770935059
0.291017919779
0.290277630091
0.289547890425
0.288830012083
0.288124710321
0.287433028221
0.286753147840
0.286087214947
0.285435885191
0.284797519445
0.284174680710
0.283567309380
0.282976806164
0.282401114702
0.281843900681
0.281304210424
0.280783295631
0.280281305313
0.279799848795
0.427926838398
0.324251711369
0.289165079594
0.276068657637
0.270796626806
0.268488705158
0.267289221287
0.266465455294
0.265735089779
0.265001624823
0.264235973358
0.263439625502
0.262616723776
0.261774927378
0.260918945074
0.260053217411
0.259181946516
0.258307754993
0.257430404425
0.256552040577
0.255674839020
0.254797160625
0.253921002150
0.253047615290
0.252176046371
0.251307189465
0.250441700220
0.249580442905
0.248721599579
0.247868001461
0.247018396854
0.246173709631
0.245333135128
0.244498342276
0.243668347597
0.242844432592
0.242026060820
0.241213858128
0.240406990051
0.239607065916
0.238813459873
0.238026797771
0.237247049809
0.236473768950
0.235707908869
0.234949141741
0.234198927879
0.233455449343
0.232720255852
0.231993079185
0.231274753809
0.230564892292
0.229862213135
0.229170024395
0.228486508131
0.227812588215
0.227149248123
0.226494371891
0.225850373507
0.225216835737
0.224593371153
0.223981559277
0.223381817341
0.222792774439
0.122147329152
0.079973258078
0.067636556923
0.063866533339
0.062662966549
0.062198378146
0.061897017062
0.061590291560
0.061238624156
0.060846753418
0.060427285731
0.059991754591
0.059549339116
0.059106536210
0.058667577803
0.058235444129
0.057811237872
0.057395197451
0.056988634169
0.056589968503
0.056201703846
0.055821187794
0.055448539555
0.055084683001
0.054727889597
0.054378934205
0.054036535323
0.053701855242
0.053373493254
0.053051091731
0.052735216916
0.052425868809
0.052121497691
0.051822938025
0.051531024277
0.051242686808
0.050960667431
0.050683923066
0.050412483513
0.050146974623
0.049886144698
0.049629874527
0.049380041659
0.049135096371
0.048896230757
0.048662640154
0.048434711993
0.048212744296
0.047998107970
0.047788746655
0.047585822642
0.047390796244
0.047202266753
0.047022409737
0.046849735081
0.046686597168
0.046531565487
0.046386100352
0.046249605715
0.046125151217
0.046011872590
0.045909531415
0.045822627842
0.045747168362
0.172119647264
0.115279950202
0.099195070565
0.094499267638
0.093118555844
0.092655308545
0.092371560633
0.092056609690
0.091669626534
0.091217942536
0.090721882880
0.090199418366
0.089664675295
0.089124418795
0.088585652411
0.088052667677
0.087527073920
0.087010867894
0.086504675448
0.086006738245
0.085519172251
0.085041202605
0.084572888911
0.084114469588
0.083663769066
0.083221890032
0.082788653672
0.082363463938
0.081946171820
0.081536211073
0.081133283675
0.080738730729
0.080351717770
0.079971380532
0.079596795142
0.079230315983
0.078870661557
0.078518129885
0.078173048794
0.077834166586
0.077501602471
0.077177949250
0.076860286295
0.076550669968
0.076248534024
0.075953908265
0.075667478144
0.075389660895
0.075119771063
0.074859775603
0.074608333409
0.074366725981
0.074134476483
0.073914416134
0.073703594506
0.073505349457
0.073319204152
0.073146320879
0.072987146676
0.072840519249
0.072710372508
0.072596527636
0.072499431670
0.072420038283
0.157519221306
0.111061699688
0.096462048590
0.091314412653
0.089262314141
0.088293589652
0.087718345225
0.087284244597
0.086900271475
0.086531378329
0.086168117821
0.085806436837
0.085446573794
0.085088141263
0.084731496871
0.084376789629
0.084023751318
0.083674885333
0.083326525986
0.082980312407
0.082635648549
0.082293637097
0.081951834261
0.081611908972
0.081273861229
0.080936141312
0.080600596964
0.080266274512
0.079931832850
0.079599477351
0.079266764224
0.078936226666
0.078606791794
0.078277148306
0.077949352562
0.077621914446
0.077295519412
0.076969750226
0.076644904912
0.076322622597
0.075999058783
0.075678266585
0.075357384980
0.075038321316
0.074720181525
0.074402995408
0.074087388813
0.073773719370
0.073460675776
0.073148794472
0.072838254273
0.072530783713
0.072223551571
0.071918375790
0.071615286171
0.071314848959
0.071015961468
0.070718087256
0.070423014462
0.070130445063
0.069840915501
0.069553531706
0.069269306958
0.068986989558
0.550151288509
0.425215661526
0.383678406477
0.369069159031
0.363924771547
0.362160205841
0.361414998770
0.360796570778
0.360025167465
0.359057575464
0.357932507992
0.356700539589
0.355405837297
0.354081988335
0.352750629187
0.351425617933
0.350116610527
0.348827689886
0.347562760115
0.346323639154
0.345108985901
0.343920379877
0.342756807804
0.341619014740
0.340503811836
0.339411437511
0.338342845440
0.337296992540
0.336272865534
0.335269689560
0.334288030863
0.333326518536
0.332385957241
0.331464856863
0.330563724041
0.329681754112
0.328820347786
0.327978640795
0.327156573534
0.326354265213
0.325572401285
0.324810445309
0.324068099260
0.323348402977
0.322648942471
0.321971207857
0.321316331625
0.320683896542
0.320075124502
0.319490551949
0.318930417299
0.318396449089
0.317889988422
0.317410260439
0.316958367825
0.316537976265
0.316148251295
0.315790235996
0.315465807915
0.315176755190
0.314923852682
0.314708501101
0.314532905817
0.314399003983
0.272094726562
0.189739406109
0.166275233030
0.159405708313
0.157432347536
0.156874269247
0.156641602516
0.156405925751
0.156084001064
0.155678123236
0.155208468437
0.154694736004
0.154151290655
0.153593659401
0.153027296066
0.152456492186
0.151886165142
0.151319593191
0.150754898787
0.150195986032
0.149642467499
0.149094134569
0.148550748825
0.148013114929
0.147483944893
0.146958261728
0.146439313889
0.145925998688
0.145419150591
0.144918143749
0.144423902035
0.143936604261
0.143454194069
0.142978608608
0.142510622740
0.142048716545
0.141592502594
0.141144156456
0.140702068806
0.140268623829
0.139842212200
0.139422655106
0.139011144638
0.138607561588
0.138213545084
0.137827128172
0.137449204922
0.137081235647
0.136721700430
0.136373192072
0.136034190655
0.135705620050
0.135387659073
0.135082304478
0.134787708521
0.134505748749
0.134236603975
0.133981555700
0.133739858866
0.133512228727
0.133300393820
0.133104145527
0.132924526930
0.132762342691
0.053051181138
0.031983710825
0.024820216000
0.022080071270
0.020878471434
0.020245291293
0.019830681384
0.019499041140
0.019201226532
0.018915720284
0.018634416163
0.018354214728
0.018073178828
0.017793364823
0.017511405051
0.017229028046
0.016945667565
0.016661949456
0.016376174986
0.016090698540
0.015804059803
0.015515215695
0.015226431191
0.014936424792
0.014645017684
0.014352418482
0.014058150351
0.013764001429
0.013465978205
0.013168223202
0.012868382037
0.012567825615
0.012264259160
0.011960126460
0.011653758585
0.011345304549
0.011034943163
0.010723121464
0.010408379138
0.010092385113
0.009773261845
0.009452380240
0.009128190577
0.008802361786
0.008473195136
0.008140482008
0.007806845009
0.007468767464
0.007127620280
0.006783880293
0.006436236203
0.006084926426
0.005730636418
0.005371846259
0.005009450018
0.004642017186
0.004271782935
0.003896333277
0.003516860306
0.003132797778
0.002743460238
0.002349562943
0.001950331032
0.001546420157
0.257662385702
0.175924777985
0.153377652168
0.147128075361
0.145522505045
0.145170450211
0.145040273666
0.144844114780
0.144526034594
0.144102066755
0.143602699041
0.143054604530
0.142475992441
0.141883701086
0.141283720732
0.140684515238
0.140089720488
0.139500558376
0.138919442892
0.138345956802
0.137780904770
0.137225657701
0.136678665876
0.136141926050
0.135612189770
0.135092973709
0.134580731392
0.134078323841
0.133583426476
0.133098304272
0.132621169090
0.132151454687
0.131691932678
0.131238907576
0.130795419216
0.130360931158
0.129934221506
0.129515916109
0.129107296467
0.128707319498
0.128317296505
0.127937018871
0.127564638853
0.127203464508
0.126852631569
0.126510918140
0.126180946827
0.125862985849
0.125555634499
0.125260025263
0.124977864325
0.124707825482
0.124452181160
0.124209232628
0.123982526362
0.123770482838
0.123575098813
0.123395062983
0.123233772814
0.123090721667
0.122966058552
0.122862435877
0.122779764235
0.122720159590
0.129292726517
0.090795584023
0.078412123024
0.073878504336
0.071976996958
0.071032859385
0.070458568633
0.070031143725
0.069666065276
0.069327063859
0.068999417126
0.068679369986
0.068363137543
0.068048574030
0.067736722529
0.067425318062
0.067114599049
0.066806592047
0.066497988999
0.066190309823
0.065882869065
0.065574713051
0.065267987549
0.064961411059
0.064654029906
0.064347065985
0.064039804041
0.063732124865
0.063424147666
0.063116081059
0.062807597220
0.062499321997
0.062189795077
0.061879910529
0.061570651829
0.061260022223
0.060948736966
0.060637928545
0.060325868428
0.060013540089
0.059701271355
0.059389032423
0.059075124562
0.058761186898
0.058447457850
0.058132566512
0.057816930115
0.057501979172
0.057186402380
0.056870378554
0.056553639472
0.056237496436
0.055920429528
0.055603034794
0.055285729468
0.054967619479
0.054649479687
0.054331906140
0.054013229907
0.053695000708
0.053376324475
0.053058125079
0.052739478648
0.052420981228
0.079278148711
0.050824142992
0.041734345257
0.038546390831
0.037296362221
0.036703325808
0.036327518523
0.036014921963
0.035715736449
0.035415001214
0.035109646618
0.034800268710
0.034488476813
0.034176446497
0.033864594996
0.033553548157
0.033244587481
0.032937057316
0.032631583512
0.032327838242
0.032026655972
0.031725622714
0.031427539885
0.031130112708
0.030835755169
0.030541129410
0.030248858035
0.029957629740
0.029667265713
0.029377527535
0.029089726508
0.028802849352
0.028515584767
0.028229989111
0.027945406735
0.027661897242
0.027378596365
0.027095861733
0.026814408600
0.026532866061
0.026252366602
0.025972135365
0.025693006814
0.025414593518
0.025135703385
0.024859018624
0.024581469595
0.024305082858
0.024029858410
0.023754693568
0.023481614888
0.023207791150
0.022936411202
0.022664792836
0.022394336760
0.022126294672
0.021858222783
0.021592415869
0.021328337491
0.021064974368
0.020804829895
0.020546950400
0.020290561020
0.020036764443
0.092793740332
0.062302418053
0.052448131144
0.048877604306
0.047403164208
0.046668894589
0.046200938523
0.045828528702
0.045488245785
0.045156635344
0.044827349484
0.044496722519
0.044167347252
0.043835885823
0.043505109847
0.043173886836
0.042843349278
0.042512901127
0.042182601988
0.041854240000
0.041524596512
0.041196204722
0.040868617594
0.040539808571
0.040212251246
0.039883472025
0.039556570351
0.039228685200
0.038902200758
0.038574375212
0.038246966898
0.037919111550
0.037592537701
0.037264622748
0.036937035620
0.036609627306
0.036281086504
0.035953111947
0.035624958575
0.035297282040
0.034968651831
0.034640051425
0.034311003983
0.033981688321
0.033652342856
0.033323176205
0.032994158566
0.032664336264
0.032333828509
0.032004453242
0.031674094498
0.031343884766
0.031013287604
0.030683018267
0.030352272093
0.030021853745
0.029691345990
0.029361106455
0.029031164944
0.028701014817
0.028371669352
0.028042472899
0.027713246644
0.027385510504
0.439459860325
0.324799358845
0.289298653603
0.277561694384
0.273451387882
0.271870017052
0.271063476801
0.270420223475
0.269742876291
0.268989533186
0.268167167902
0.267293334007
0.266386657953
0.265459090471
0.264522433281
0.263582170010
0.262643158436
0.261707037687
0.260777711868
0.259853571653
0.258938938379
0.258030503988
0.257131457329
0.256239712238
0.255357742310
0.254483342171
0.253619372845
0.252763241529
0.251917004585
0.251079469919
0.250250607729
0.249430954456
0.248620688915
0.247820436954
0.247028678656
0.246247798204
0.245475560427
0.244713932276
0.243962138891
0.243220239878
0.242489099503
0.241768926382
0.241059213877
0.240360081196
0.239673227072
0.238996744156
0.238333016634
0.237680673599
0.237040430307
0.236413210630
0.235799640417
0.235199391842
0.234613388777
0.234040617943
0.233483195305
0.232940316200
0.232414871454
0.231904089451
0.231410026550
0.230933994055
0.230475217104
0.230034589767
0.229614138603
0.229212880135
0.439278900623
0.324482440948
0.289006382227
0.277309238911
0.273227453232
0.271664619446
0.270868748426
0.270229905844
0.269555062056
0.268802940845
0.267979443073
0.267104655504
0.266196131706
0.265268087387
0.264329254627
0.263387709856
0.262447804213
0.261511176825
0.260580569506
0.259656757116
0.258739709854
0.257831484079
0.256931334734
0.256039708853
0.255157619715
0.254283994436
0.253419339657
0.252563118935
0.251717001200
0.250879734755
0.250051707029
0.249232620001
0.248424082994
0.247623473406
0.246833294630
0.246052145958
0.245281785727
0.244521319866
0.243771880865
0.243030607700
0.242301434278
0.241582512856
0.240873724222
0.240177273750
0.239491701126
0.238818377256
0.238155663013
0.237505584955
0.236868143082
0.236244082451
0.235633254051
0.235036700964
0.234452039003
0.233882933855
0.233328521252
0.232789903879
0.232267022133
0.231760591269
0.231270253658
0.230798512697
0.230343997478
0.229908227921
0.229491889477
0.229095995426
0.509061813354
0.381902426481
0.343327581882
0.330977141857
0.326933413744
0.325551748276
0.324861645699
0.324188798666
0.323348492384
0.322333604097
0.321187943220
0.319956481457
0.318678647280
0.317380398512
0.316081613302
0.314792215824
0.313520282507
0.312270790339
0.311045616865
0.309844940901
0.308670639992
0.307522118092
0.306398272514
0.305299758911
0.304226160049
0.303176373243
0.302150666714
0.301149159670
0.300171494484
0.299216777086
0.298284709454
0.297374904156
0.296489149332
0.295625537634
0.294785976410
0.293969690800
0.293175607920
0.292405605316
0.291659355164
0.290937781334
0.290241748095
0.289570152760
0.288924992085
0.288306444883
0.287714451551
0.287151932716
0.286617428064
0.286112874746
0.285640001297
0.285199195147
0.284792602062
0.284419775009
0.284083068371
0.283784002066
0.283524155617
0.283305048943
0.283129155636
0.282998323441
0.282913774252
0.282878398895
0.282894074917
0.282963991165
0.283090263605
0.283276200294
0.268745034933
0.183433115482
0.160042673349
0.153638303280
0.152043014765
0.151726484299
0.151625245810
0.151440471411
0.151121675968
0.150686591864
0.150169879198
0.149599730968
0.148997366428
0.148379117250
0.147755086422
0.147130608559
0.146510362625
0.145896971226
0.145292669535
0.144696205854
0.144109278917
0.143532603979
0.142966061831
0.142408609390
0.141861230135
0.141323685646
0.140795171261
0.140276312828
0.139767050743
0.139266669750
0.138774931431
0.138293862343
0.137821346521
0.137358069420
0.136904835701
0.136460751295
0.136024177074
0.135599464178
0.135183811188
0.134778767824
0.134382992983
0.133997559547
0.133622914553
0.133259922266
0.132906913757
0.132566213608
0.132236897945
0.131919264793
0.131615817547
0.131324112415
0.131047070026
0.130784094334
0.130534857512
0.130300879478
0.130084395409
0.129883557558
0.129699528217
0.129533737898
0.129387825727
0.129261255264
0.129155576229
0.129071116447
0.129009962082
0.128972887993
0.441992104053
0.330823302269
0.295064210892
0.282601654530
0.277942419052
0.276027143002
0.275038540363
0.274304538965
0.273592442274
0.272837013006
0.272027343512
0.271175920963
0.270295619965
0.269395411015
0.268485397100
0.267569035292
0.266651570797
0.265735775232
0.264823108912
0.263913959265
0.263009041548
0.262109577656
0.261217266321
0.260329335928
0.259447842836
0.258572489023
0.257704019547
0.256843000650
0.255987673998
0.255139797926
0.254298776388
0.253464698792
0.252638906240
0.251820266247
0.251009017229
0.250205606222
0.249410271645
0.248622238636
0.247842639685
0.247071981430
0.246308594942
0.245555162430
0.244809895754
0.244073033333
0.243346631527
0.242628127337
0.241920500994
0.241222053766
0.240535140038
0.239857882261
0.239190727472
0.238535523415
0.237889736891
0.237258344889
0.236637264490
0.236029386520
0.235433220863
0.234850347042
0.234281808138
0.233726888895
0.233186990023
0.232661634684
0.232151985168
0.231657862663
0.139146268368
0.096284188330
0.083084918559
0.078615672886
0.076937235892
0.076189495623
0.075746007264
0.075393266976
0.075055278838
0.074713654816
0.074361540377
0.074001677334
0.073636539280
0.073268599808
0.072899229825
0.072528548539
0.072158046067
0.071787990630
0.071417964995
0.071048207581
0.070680983365
0.070312567055
0.069946475327
0.069579727948
0.069214887917
0.068849839270
0.068486817181
0.068123139441
0.067760534585
0.067397959530
0.067037172616
0.066676415503
0.066316165030
0.065956242383
0.065597571433
0.065239138901
0.064881958067
0.064524628222
0.064169682562
0.063814081252
0.063460357487
0.063107319176
0.062755562365
0.062404014170
0.062054820359
0.061706073582
0.061358965933
0.061013288796
0.060669757426
0.060327358544
0.059987433255
0.059649087489
0.059312917292
0.058979071677
0.058647580445
0.058319337666
0.057992465794
0.057669408619
0.057350076735
0.057034112513
0.056721128523
0.056412138045
0.056108273566
0.055808551610
0.470318973064
0.361153244972
0.324062854052
0.310400992632
0.305156528950
0.303068697453
0.302091419697
0.301420003176
0.300765544176
0.300041884184
0.299242317677
0.298380792141
0.297475188971
0.296540975571
0.295590907335
0.294631093740
0.293666452169
0.292701721191
0.291739076376
0.290778458118
0.289822518826
0.288871079683
0.287925094366
0.286985009909
0.286049515009
0.285120815039
0.284197121859
0.283280104399
0.282369285822
0.281464159489
0.280565202236
0.279673188925
0.278786897659
0.277907848358
0.277036339045
0.276170849800
0.275311648846
0.274460166693
0.273615807295
0.272778213024
0.271948933601
0.271127283573
0.270312547684
0.269505739212
0.268707484007
0.267917394638
0.267135500908
0.266362875700
0.265598922968
0.264844357967
0.264098912477
0.263363510370
0.262638092041
0.261922359467
0.261219024658
0.260525107384
0.259842991829
0.259173214436
0.258514255285
0.257869899273
0.257236391306
0.256618142128
0.256013721228
0.255422860384
0.417854726315
0.312337040901
0.274430155754
0.259168922901
0.252591997385
0.249586641788
0.248039424419
0.247053623199
0.246257692575
0.245506078005
0.244748651981
0.243969380856
0.243169665337
0.242355287075
0.241525977850
0.240687757730
0.239843517542
0.238993793726
0.238141059875
0.237286746502
0.236430466175
0.235573500395
0.234717249870
0.233861267567
0.233006268740
0.232153236866
0.231302469969
0.230453342199
0.229609012604
0.228767335415
0.227929174900
0.227095782757
0.226265966892
0.225442349911
0.224623769522
0.223809331656
0.223001927137
0.222199380398
0.221403837204
0.220614373684
0.219830930233
0.219054549932
0.218284517527
0.217521637678
0.216764718294
0.216017365456
0.215275138617
0.214541018009
0.213814377785
0.213094741106
0.212383300066
0.211679607630
0.210983216763
0.210294514894
0.209613472223
0.208941608667
0.208277016878
0.207619994879
0.206972211599
0.206332266331
0.205700725317
0.205076068640
0.204461157322
0.203852802515
0.209864318371
0.149175256491
0.130558937788
0.124307461083
0.121992237866
0.120990611613
0.120415575802
0.119964934886
0.119534678757
0.119096793234
0.118646360934
0.118185289204
0.117718674242
0.117249377072
0.116779752076
0.116310276091
0.115844078362
0.115380086005
0.114918597043
0.114461697638
0.114006437361
0.113554842770
0.113106973469
0.112661279738
0.112219162285
0.111780144274
0.111343868077
0.110910452902
0.110479183495
0.110051281750
0.109626449645
0.109205462039
0.108785368502
0.108368791640
0.107954628766
0.107544191182
0.107136286795
0.106730647385
0.106328554451
0.105930395424
0.105534560978
0.105142779648
0.104753680527
0.104369170964
0.103987671435
0.103610493243
0.103236652911
0.102866269648
0.102501131594
0.102141119540
0.101784385741
0.101432330906
0.101085998118
0.100744374096
0.100407697260
0.100077040493
0.099752821028
0.099433310330
0.099120743573
0.098815508187
0.098515816033
0.098223693669
0.097938723862
0.097661949694
0.032891757786
0.015313751996
0.009249605238
0.006930716336
0.005931235850
0.005416460335
0.005086190999
0.004825122654
0.004588402808
0.004360057414
0.004132844508
0.003907300532
0.003678657115
0.003449954093
0.003219403327
0.002988137305
0.002754963934
0.002521373332
0.002285964787
0.002049006522
0.001811034977
0.001571454108
0.001330442727
0.001088418067
0.000843532383
0.000598914921
0.000351138413
0.000101812184
-0.000149928033
-0.000403366983
-0.000659309328
-0.000916264951
-0.001175783575
-0.001438222826
-0.001702986658
-0.001969926059
-0.002239666879
-0.002512149513
-0.002787671983
-0.003067038953
-0.003348402679
-0.003633044660
-0.003921382129
-0.004212908447
-0.004508875310
-0.004808388650
-0.005111925304
-0.005419366062
-0.005731604993
-0.006047956645
-0.006368421018
-0.006693713367
-0.007025383413
-0.007360540330
-0.007702253759
-0.008049242198
-0.008402161300
-0.008760832250
-0.009125076234
-0.009495608509
-0.009872935712
-0.010256342590
-0.010647229850
-0.011045806110
0.475824058056
0.363200217485
0.325987488031
0.312712669373
0.307747215033
0.305788040161
0.304843008518
0.304155945778
0.303462445736
0.302692264318
0.301846146584
0.300938636065
0.299993336201
0.299023658037
0.298041135073
0.297053664923
0.296064674854
0.295081019402
0.294101089239
0.293128371239
0.292161881924
0.291203647852
0.290254443884
0.289312362671
0.288379430771
0.287453681231
0.286536812782
0.285627961159
0.284727841616
0.283836066723
0.282952040434
0.282076835632
0.281209141016
0.280350685120
0.279500514269
0.278659254313
0.277825772762
0.277001708746
0.276185333729
0.275378346443
0.274581164122
0.273792266846
0.273012995720
0.272243499756
0.271483004093
0.270733267069
0.269993036985
0.269263952971
0.268544644117
0.267837256193
0.267140597105
0.266455978155
0.265782326460
0.265123009682
0.264475822449
0.263840526342
0.263221114874
0.262614905834
0.262022674084
0.261445522308
0.260885000229
0.260341078043
0.259813070297
0.259302586317
0.357115477324
0.258693993092
0.228218495846
0.218024939299
0.214327394962
0.212803304195
0.211987823248
0.211363375187
0.210759013891
0.210126310587
0.209459245205
0.208764106035
0.208046942949
0.207317024469
0.206580400467
0.205839782953
0.205097109079
0.204355657101
0.203616052866
0.202879816294
0.202147006989
0.201418071985
0.200692683458
0.199973374605
0.199259489775
0.198549568653
0.197845309973
0.197147756815
0.196454703808
0.195769101381
0.195088416338
0.194415539503
0.193747669458
0.193087607622
0.192432522774
0.191785722971
0.191146403551
0.190513521433
0.189887911081
0.189270287752
0.188660174608
0.188058078289
0.187463968992
0.186878591776
0.186301141977
0.185732156038
0.185171902180
0.184620738029
0.184079974890
0.183547943830
0.183026164770
0.182514250278
0.182013273239
0.181522399187
0.181043416262
0.180575788021
0.180119037628
0.179674863815
0.179243654013
0.178825050592
0.178419739008
0.178028672934
0.177651256323
0.177288770676
0.147608220577
0.101940728724
0.088089413941
0.083521880209
0.081877805293
0.081180699170
0.080776251853
0.080444164574
0.080114342272
0.079769887030
0.079410262406
0.079037494957
0.078658170998
0.078273452818
0.077885426581
0.077498115599
0.077109403908
0.076722003520
0.076336272061
0.075950510800
0.075567074120
0.075184084475
0.074803538620
0.074422486126
0.074044026434
0.073666788638
0.073290832341
0.072915859520
0.072541721165
0.072168685496
0.071797288954
0.071426667273
0.071057774127
0.070690907538
0.070323117077
0.069957710803
0.069593466818
0.069230772555
0.068868912756
0.068509526551
0.068150676787
0.067794181406
0.067438252270
0.067085333169
0.066734559834
0.066385425627
0.066037572920
0.065693385899
0.065350748599
0.065010823309
0.064673371613
0.064339615405
0.064008213580
0.063680745661
0.063356228173
0.063036032021
0.062719322741
0.062406606972
0.062099404633
0.061797298491
0.061499156058
0.061207391322
0.060920961201
0.060641504824
0.407403081656
0.295599937439
0.262062400579
0.251456826925
0.247953444719
0.246688991785
0.246055573225
0.245518684387
0.244919687510
0.244235545397
0.243476808071
0.242665857077
0.241821438074
0.240956127644
0.240081429482
0.239202171564
0.238324552774
0.237450301647
0.236581116915
0.235718786716
0.234863579273
0.234017163515
0.233178496361
0.232347697020
0.231525987387
0.230713278055
0.229909360409
0.229114413261
0.228328347206
0.227552860975
0.226784944534
0.226027786732
0.225279241800
0.224541246891
0.223812282085
0.223094165325
0.222386330366
0.221688002348
0.221000015736
0.220322519541
0.219655781984
0.219000428915
0.218357056379
0.217724323273
0.217102944851
0.216494679451
0.215897858143
0.215314328671
0.214743554592
0.214186251163
0.213641941547
0.213113248348
0.212597429752
0.212096810341
0.211612343788
0.211143344641
0.210690021515
0.210254788399
0.209836363792
0.209436088800
0.209054797888
0.208692133427
0.208349764347
0.208028495312
0.479251444340
0.368480890989
0.329905152321
0.315406411886
0.309848487377
0.307723343372
0.306815207005
0.306231290102
0.305650472641
0.304975867271
0.304202526808
0.303350120783
0.302441418171
0.301494747400
0.300526440144
0.299542814493
0.298552125692
0.297558814287
0.296566367149
0.295574426651
0.294586092234
0.293601155281
0.292621284723
0.291645258665
0.290674000978
0.289708763361
0.288748592138
0.287792474031
0.286843806505
0.285899698734
0.284961014986
0.284028679132
0.283102065325
0.282181173563
0.281267464161
0.280359447002
0.279457360506
0.278561592102
0.277673095465
0.276790380478
0.275915384293
0.275047957897
0.274186998606
0.273332208395
0.272486031055
0.271647155285
0.270816594362
0.269992619753
0.269178122282
0.268373161554
0.267574131489
0.266786336899
0.266006350517
0.265235990286
0.264476209879
0.263726502657
0.262987256050
0.262258887291
0.261540591717
0.260834455490
0.260140240192
0.259458273649
0.258788943291
0.258131742477
0.135099142790
0.093877114356
0.081006534398
0.076538182795
0.074796326458
0.073988713324
0.073505349457
0.073129124939
0.072782821953
0.072441793978
0.072097755969
0.071749754250
0.071399606764
0.071047849953
0.070693977177
0.070340283215
0.069987036288
0.069633282721
0.069280900061
0.068928934634
0.068576104939
0.068224586546
0.067872233689
0.067521490157
0.067170388997
0.066819526255
0.066469736397
0.066119559109
0.065769053996
0.065419293940
0.065069533885
0.064720787108
0.064371086657
0.064021922648
0.063673205674
0.063324667513
0.062976427376
0.062628485262
0.062280632555
0.061933614314
0.061586357653
0.061240114272
0.060893811285
0.060549207032
0.060204245150
0.059860266745
0.059517182410
0.059175200760
0.058832980692
0.058492459357
0.058152742684
0.057815290987
0.057478643954
0.057142443955
0.056809134781
0.056477643549
0.056147105992
0.055817969143
0.055491156876
0.055168129504
0.054845727980
0.054526038468
0.054210431874
0.053896971047
0.090994901955
0.061398454010
0.051730610430
0.048163898289
0.046655632555
0.045887686312
0.045397438109
0.045011200011
0.044664718211
0.044333256781
0.044005550444
0.043679483235
0.043353594840
0.043029166758
0.042704351246
0.042379476130
0.042055018246
0.041730381548
0.041405715048
0.041081078351
0.040756292641
0.040431447327
0.040106631815
0.039781995118
0.039456404746
0.039130635560
0.038804985583
0.038478173316
0.038152135909
0.037825413048
0.037498123944
0.037170954049
0.036842711270
0.036513544619
0.036185063422
0.035855688155
0.035526104271
0.035193808377
0.034863509238
0.034531570971
0.034198798239
0.033865757287
0.033532239497
0.033198066056
0.032863564789
0.032526381314
0.032190658152
0.031853593886
0.031515307724
0.031176961958
0.030837513506
0.030497230589
0.030156470835
0.029814399779
0.029471494257
0.029128916562
0.028784669936
0.028438962996
0.028093822300
0.027748204768
0.027400769293
0.027052350342
0.026705093682
0.026356585324
0.263108640909
0.176604241133
0.153623133898
0.147631108761
0.146267861128
0.146033376455
0.145911186934
0.145641714334
0.145199477673
0.144619971514
0.143949329853
0.143223047256
0.142467647791
0.141701102257
0.140935778618
0.140177160501
0.139432042837
0.138700813055
0.137985438108
0.137288033962
0.136606574059
0.135942876339
0.135295003653
0.134664714336
0.134050220251
0.133451163769
0.132867485285
0.132300972939
0.131747305393
0.131208986044
0.130685448647
0.130176395178
0.129681974649
0.129200547934
0.128734230995
0.128282129765
0.127844363451
0.127419531345
0.127011299133
0.126616150141
0.126236319542
0.125871151686
0.125522196293
0.125188976526
0.124870873988
0.124570377171
0.124285854399
0.124019540846
0.123771347106
0.123541869223
0.123331852257
0.123141713440
0.122973360121
0.122827120125
0.122703619301
0.122604407370
0.122529812157
0.122482486069
0.122460909188
0.122470237315
0.122511126101
0.122582711279
0.122689194977
0.122832395136
0.031197883189
0.014140404761
0.008260734379
0.006012894213
0.005038596690
0.004531808197
0.004198230803
0.003927595913
0.003679044545
0.003436334431
0.003192640841
0.002946473658
0.002697117627
0.002445675433
0.002191074193
0.001934118569
0.001672692597
0.001410342753
0.001144237816
0.000875301659
0.000604547560
0.000330515206
0.000054039061
-0.000225149095
-0.000508330762
-0.000793002546
-0.001082204282
-0.001372747123
-0.001666568220
-0.001965127885
-0.002265773714
-0.002570442855
-0.002878598869
-0.003190420568
-0.003504924476
-0.003824196756
-0.004147492349
-0.004474751651
-0.004805944860
-0.005141638219
-0.005481831729
-0.005826167762
-0.006176821887
-0.006531618536
-0.006890647113
-0.007256500423
-0.007626704872
-0.008003078401
-0.008385710418
-0.008773706853
-0.009169720113
-0.009571246803
-0.009979389608
-0.010395161808
-0.010817401111
-0.011248014867
-0.011686436832
-0.012132160366
-0.012586675584
-0.013049833477
-0.013521604240
-0.014002464712
-0.014493636787
-0.014994077384
0.356182038784
0.249085694551
0.219676822424
0.211697846651
0.209776073694
0.209457248449
0.209395468235
0.209210395813
0.208839595318
0.208308517933
0.207663118839
0.206941157579
0.206172972918
0.205381006002
0.204576700926
0.203771114349
0.202967703342
0.202172219753
0.201386183500
0.200610458851
0.199845641851
0.199093341827
0.198352664709
0.197625130415
0.196910411119
0.196206301451
0.195515871048
0.194837450981
0.194172054529
0.193519085646
0.192878127098
0.192250847816
0.191635370255
0.191034108400
0.190443843603
0.189868509769
0.189305365086
0.188755840063
0.188221305609
0.187698662281
0.187190890312
0.186698257923
0.186219841242
0.185756474733
0.185308635235
0.184877455235
0.184462368488
0.184063673019
0.183683246374
0.183319061995
0.182974725962
0.182648748159
0.182343333960
0.182057946920
0.181792438030
0.181550115347
0.181328982115
0.181133151054
0.180960863829
0.180813729763
0.180693566799
0.180599987507
0.180536538363
0.180502176285
0.138349026442
0.090732581913
0.077116943896
0.073090530932
0.071866340935
0.071411289275
0.071100987494
0.070760406554
0.070357091725
0.069898732007
0.069405682385
0.068893142045
0.068373985589
0.067854620516
0.067341394722
0.066836990416
0.066344387829
0.065862394869
0.065393187106
0.064935125411
0.064490385354
0.064055956900
0.063633568585
0.063220836222
0.062820740044
0.062429465353
0.062048055232
0.061676241457
0.061313338578
0.060957796872
0.060612596571
0.060273833573
0.059944249690
0.059622533619
0.059307523072
0.059000022709
0.058700539172
0.058407850564
0.058123536408
0.057844646275
0.057574160397
0.057309634984
0.057053752244
0.056805200875
0.056563742459
0.056329645216
0.056104429066
0.055886097252
0.055677540600
0.055476851761
0.055284388363
0.055101193488
0.054928548634
0.054765321314
0.054613418877
0.054472424090
0.054343082011
0.054226167500
0.054121680558
0.054031737149
0.053956277668
0.053895778954
0.053852535784
0.053826011717
0.205817431211
0.137366235256
0.118601836264
0.113401301205
0.112012334168
0.111611165106
0.111357428133
0.111021704972
0.110575325787
0.110036619008
0.109435535967
0.108799703419
0.108144767582
0.107485361397
0.106829561293
0.106181807816
0.105544604361
0.104922033846
0.104311652482
0.103715844452
0.103135831654
0.102567501366
0.102014042437
0.101473607123
0.100946910679
0.100431628525
0.099929071963
0.099437750876
0.098958857358
0.098491437733
0.098034806550
0.097588576376
0.097153343260
0.096729017794
0.096314556897
0.095910586417
0.095517732203
0.095134891570
0.094760932028
0.094399340451
0.094047613442
0.093706198037
0.093376375735
0.093056418002
0.092749215662
0.092452414334
0.092168129981
0.091895796359
0.091635681689
0.091389007866
0.091156370938
0.090937472880
0.090733595192
0.090544320643
0.090371079743
0.090215213597
0.090075530112
0.089956648648
0.089855648577
0.089775629342
0.089717157185
0.089681513608
0.089669980109
0.089684434235
0.419351398945
0.316013634205
0.281322419643
0.268463313580
0.263284057379
0.260990351439
0.259775102139
0.258930116892
0.258186310530
0.257446795702
0.256684333086
0.255894631147
0.255083471537
0.254254609346
0.253415375948
0.252565950155
0.251712322235
0.250855863094
0.249996751547
0.249137550592
0.248280018568
0.247421681881
0.246565222740
0.245711445808
0.244859814644
0.244011580944
0.243166089058
0.242324590683
0.241487085819
0.240654319525
0.239825308323
0.239000916481
0.238182008266
0.237368673086
0.236560314894
0.235757708549
0.234961867332
0.234170556068
0.233386456966
0.232609272003
0.231837898493
0.231072992086
0.230315595865
0.229565292597
0.228821307421
0.228085696697
0.227358609438
0.226637870073
0.225925654173
0.225222080946
0.224525988102
0.223838597536
0.223160505295
0.222490876913
0.221831113100
0.221180200577
0.220540016890
0.219908624887
0.219288557768
0.218677848577
0.218078821898
0.217490941286
0.216913461685
0.216348916292
0.316109418869
0.215586274862
0.189041405916
0.182307898998
0.180946052074
0.180884033442
0.180936127901
0.180798023939
0.180441677570
0.179911166430
0.179261058569
0.178536087275
0.177767723799
0.176978617907
0.176183789968
0.175390094519
0.174605697393
0.173834353685
0.173075765371
0.172333270311
0.171606302261
0.170895576477
0.170201212168
0.169522315264
0.168860226870
0.168212711811
0.167581021786
0.166965395212
0.166364729404
0.165780723095
0.165211737156
0.164656102657
0.164117038250
0.163593709469
0.163085401058
0.162591964006
0.162113934755
0.161652714014
0.161207765341
0.160778969526
0.160365909338
0.159969925880
0.159592479467
0.159231841564
0.158890187740
0.158566594124
0.158261984587
0.157978951931
0.157715022564
0.157472908497
0.157252371311
0.157056301832
0.156882405281
0.156734257936
0.156612843275
0.156516641378
0.156449079514
0.156412333250
0.156404405832
0.156429618597
0.156488418579
0.156583130360
0.156715124846
0.156886130571
0.777037322521
0.604240417480
0.533515989780
0.503734588623
0.491721212864
0.487242281437
0.485442876816
0.484183847904
0.482691645622
0.480794847012
0.478547871113
0.476063072681
0.473442256451
0.470762908459
0.468079924583
0.465425372124
0.462823212147
0.460284769535
0.457816541195
0.455420970917
0.453098952770
0.450851380825
0.448674798012
0.446568846703
0.444531202316
0.442560851574
0.440655767918
0.438813269138
0.437033712864
0.435314238071
0.433655381203
0.432054340839
0.430513083935
0.429030001163
0.427604317665
0.426235258579
0.424925982952
0.423674583435
0.422480165958
0.421346247196
0.420272946358
0.419261872768
0.418312907219
0.417428135872
0.416610479355
0.415861189365
0.415180981159
0.414574682713
0.414043545723
0.413591712713
0.413220942020
0.412935465574
0.412738293409
0.412634611130
0.412628918886
0.412723839283
0.412925571203
0.413238316774
0.413669526577
0.414222717285
0.414905488491
0.415724217892
0.416683524847
0.417792230844
0.137245267630
0.096602000296
0.083585567772
0.078849203885
0.076875872910
0.075905151665
0.075317300856
0.074881650507
0.074507750571
0.074161060154
0.073826886714
0.073498077691
0.073173679411
0.072853632271
0.072534538805
0.072218514979
0.071903891861
0.071590371430
0.071278162301
0.070967026055
0.070657260716
0.070348747075
0.070040382445
0.069731898606
0.069424815476
0.069117702544
0.068810917437
0.068503804505
0.068197526038
0.067891038954
0.067584462464
0.067277707160
0.066971518099
0.066664882004
0.066358722746
0.066052235663
0.065744854510
0.065438427031
0.065131701529
0.064825065434
0.064518399537
0.064210779965
0.063904888928
0.063598014414
0.063290156424
0.062983877957
0.062676794827
0.062369234860
0.062063373625
0.061755336821
0.061449505389
0.061142005026
0.060836113989
0.060530282557
0.060223884881
0.059917576611
0.059613205492
0.059307940304
0.059002794325
0.058698482811
0.058394141495
0.058090843260
0.057788528502
0.057486332953
0.198547869921
0.139816522598
0.122143574059
0.116395689547
0.114380694926
0.113570459187
0.113131470978
0.112781889737
0.112433351576
0.112064428627
0.111674018204
0.111266739666
0.110850520432
0.110427774489
0.110001511872
0.109573878348
0.109147198498
0.108720459044
0.108295746148
0.107872910798
0.107451744378
0.107032455504
0.106616444886
0.106201447546
0.105788327754
0.105377979577
0.104969508946
0.104563422501
0.104159183800
0.103756554425
0.103356190026
0.102957822382
0.102561540902
0.102167941630
0.101776696742
0.101387001574
0.101000525057
0.100616522133
0.100234337151
0.099856145680
0.099479325116
0.099105663598
0.098735131323
0.098368652165
0.098004557192
0.097644098103
0.097287006676
0.096933372319
0.096584327519
0.096238531172
0.095897860825
0.095561839640
0.095228590071
0.094903357327
0.094581194222
0.094263680279
0.093953378499
0.093648202717
0.093349702656
0.093057878315
0.092772252858
0.092494435608
0.092223145068
0.091961510479
0.552775323391
0.428781151772
0.386690080166
0.371640652418
0.366334468126
0.364578932524
0.363916873932
0.363400518894
0.362726300955
0.361846625805
0.360797941685
0.359631806612
0.358396440744
0.357124686241
0.355841249228
0.354559332132
0.353291720152
0.352041184902
0.350811392069
0.349605530500
0.348423331976
0.347263962030
0.346127748489
0.345015197992
0.343924522400
0.342854917049
0.341807574034
0.340779691935
0.339773178101
0.338785052299
0.337816864252
0.336867272854
0.335935950279
0.335023403168
0.334128439426
0.333251416683
0.332392007113
0.331550389528
0.330727159977
0.329922288656
0.329134583473
0.328364133835
0.327613621950
0.326881170273
0.326166480780
0.325471758842
0.324798017740
0.324142098427
0.323508113623
0.322895467281
0.322304576635
0.321737170219
0.321192830801
0.320671707392
0.320177167654
0.319707661867
0.319266021252
0.318852633238
0.318468123674
0.318114370108
0.317793160677
0.317504078150
0.317249447107
0.317032337189
0.381428211927
0.267286300659
0.237241864204
0.229756623507
0.228369295597
0.228435128927
0.228594094515
0.228497594595
0.228116959333
0.227511972189
0.226750493050
0.225892305374
0.224975526333
0.224030822515
0.223075151443
0.222121715546
0.221176445484
0.220245152712
0.219329684973
0.218432635069
0.217553973198
0.216693997383
0.215854406357
0.215033560991
0.214232414961
0.213450938463
0.212688982487
0.211946427822
0.211222738028
0.210518240929
0.209834575653
0.209167897701
0.208522439003
0.207896143198
0.207290232182
0.206704825163
0.206137835979
0.205593615770
0.205070495605
0.204568982124
0.204089015722
0.203631967306
0.203198373318
0.202788650990
0.202402561903
0.202042788267
0.201709985733
0.201403319836
0.201124310493
0.200874477625
0.200655668974
0.200466752052
0.200312018394
0.200190573931
0.200103908777
0.200054734945
0.200043737888
0.200073093176
0.200144261122
0.200260877609
0.200422912836
0.200632840395
0.200895100832
0.201210588217
0.088794477284
0.060620345175
0.051256008446
0.047701127827
0.046140737832
0.045323498547
0.044798262417
0.044393725693
0.044039703906
0.043710209429
0.043388970196
0.043073095381
0.042760469019
0.042446829379
0.042133785784
0.041821189225
0.041507519782
0.041192717850
0.040878392756
0.040562428534
0.040246076882
0.039928264916
0.039609320462
0.039289422333
0.038968421519
0.038645721972
0.038322277367
0.037997163832
0.037672139704
0.037344165146
0.037016011775
0.036685831845
0.036354161799
0.036021508276
0.035687454045
0.035351134837
0.035014070570
0.034675039351
0.034334070981
0.033992417157
0.033648438752
0.033303387463
0.032955922186
0.032607056201
0.032256372273
0.031903155148
0.031548120081
0.031190820038
0.030832864344
0.030471213162
0.030108042061
0.029743261635
0.029374666512
0.029004670680
0.028632350266
0.028257496655
0.027879394591
0.027499713004
0.027116604149
0.026731140912
0.026342488825
0.025950796902
0.025556899607
0.025158889592
0.161522477865
0.110271938145
0.095246799290
0.090589232743
0.089076556265
0.088511891663
0.088192291558
0.087896503508
0.087568826973
0.087201155722
0.086801834404
0.086382634938
0.085951097310
0.085512556136
0.085072375834
0.084631927311
0.084193654358
0.083758778870
0.083327390254
0.082899399102
0.082475073636
0.082056082785
0.081639803946
0.081228055060
0.080820001662
0.080415226519
0.080014176667
0.079616822302
0.079223282635
0.078832365572
0.078444249928
0.078061737120
0.077681310475
0.077303685248
0.076930470765
0.076559133828
0.076191909611
0.075828380883
0.075467683375
0.075111426413
0.074757732451
0.074408985674
0.074062354863
0.073721773922
0.073384739459
0.073051162064
0.072722531855
0.072398878634
0.072079546750
0.071765460074
0.071456380188
0.071154572070
0.070857174695
0.070566691458
0.070283181965
0.070006735623
0.069737143815
0.069474585354
0.069222040474
0.068977065384
0.068742133677
0.068517394364
0.068302609026
0.068099208176
0.626054108143
0.487587809563
0.437707245350
0.419233143330
0.412866175175
0.411091029644
0.410709470510
0.410434991121
0.409856230021
0.408922791481
0.407704085112
0.406292527914
0.404764264822
0.403175532818
0.401565909386
0.399960458279
0.398374944925
0.396817833185
0.395294129848
0.393807977438
0.392356812954
0.390943735838
0.389567613602
0.388226866722
0.386921018362
0.385649889708
0.384409815073
0.383201628923
0.382024168968
0.380878448486
0.379761189222
0.378672391176
0.377611696720
0.376577973366
0.375571995974
0.374593019485
0.373641520739
0.372716456652
0.371818006039
0.370947003365
0.370101958513
0.369283139706
0.368492931128
0.367730528116
0.366995841265
0.366290628910
0.365614533424
0.364969253540
0.364355027676
0.363771945238
0.363223224878
0.362709045410
0.362228959799
0.361787736416
0.361382842064
0.361018598080
0.360695630312
0.360416203737
0.360181123018
0.359993755817
0.359854906797
0.359767496586
0.359732866287
0.359754472971
0.611301004887
0.475951492786
0.427581846714
0.409735709429
0.403552442789
0.401775956154
0.401345491409
0.401037067175
0.400457710028
0.399555206299
0.398390233517
0.397048115730
0.395598202944
0.394093871117
0.392569124699
0.391047894955
0.389544248581
0.388066709042
0.386618226767
0.385203719139
0.383823394775
0.382476657629
0.381163179874
0.379882693291
0.378633230925
0.377414971590
0.376226276159
0.375066548586
0.373935043812
0.372830659151
0.371754556894
0.370702534914
0.369676560163
0.368676126003
0.367700070143
0.366748839617
0.365821778774
0.364919245243
0.364039719105
0.363185137510
0.362354904413
0.361549317837
0.360767751932
0.360011935234
0.359280288219
0.358575940132
0.357897669077
0.357247531414
0.356623023748
0.356029480696
0.355464875698
0.354931473732
0.354429244995
0.353959649801
0.353525280952
0.353124767542
0.352762877941
0.352438449860
0.352154433727
0.351912617683
0.351713538170
0.351560741663
0.351455450058
0.351399689913
0.112644352019
0.073585160077
0.061988748610
0.058364458382
0.057168133557
0.056691743433
0.056389935315
0.056095845997
0.055768884718
0.055409528315
0.055026419461
0.054629512131
0.054226972163
0.053823150694
0.053421564400
0.053026296198
0.052635855973
0.052254207432
0.051878042519
0.051509775221
0.051148451865
0.050794191658
0.050446547568
0.050106085837
0.049770511687
0.049441494048
0.049117900431
0.048800267279
0.048487700522
0.048179484904
0.047877587378
0.047579802573
0.047287233174
0.046998329461
0.046714521945
0.046434707940
0.046158380806
0.045887507498
0.045620627701
0.045357264578
0.045098669827
0.044844307005
0.044594056904
0.044347621500
0.044106461108
0.043870575726
0.043637610972
0.043410636485
0.043188758194
0.042971111834
0.042759336531
0.042553730309
0.042353577912
0.042159982026
0.041973181069
0.041792728007
0.041620381176
0.041455514729
0.041299350560
0.041150934994
0.041013099253
0.040885426104
0.040768004954
0.040661074221
0.155734151602
0.105202682316
0.090513892472
0.086032994092
0.084614939988
0.084094353020
0.083788491786
0.083489842713
0.083146639168
0.082759059966
0.082335747778
0.081893123686
0.081437326968
0.080977506936
0.080516315997
0.080057390034
0.079602934420
0.079153366387
0.078708477318
0.078270174563
0.077838249505
0.077411122620
0.076991029084
0.076575614512
0.076166190207
0.075761444867
0.075362212956
0.074967928231
0.074578143656
0.074194051325
0.073813267052
0.073436923325
0.073066271842
0.072699792683
0.072337575257
0.071979917586
0.071626640856
0.071276940405
0.070933051407
0.070592798293
0.070256866515
0.069926686585
0.069600142539
0.069279618561
0.068963654339
0.068653084338
0.068347312510
0.068047828972
0.067753709853
0.067466087639
0.067184694111
0.066910333931
0.066642381251
0.066381998360
0.066129513085
0.065885193646
0.065649963915
0.065423466265
0.065206803381
0.064999885857
0.064804740250
0.064619876444
0.064448751509
0.064289189875
0.209278345108
0.146867960691
0.128375887871
0.122533507645
0.120586462319
0.119861014187
0.119486846030
0.119179792702
0.118852324784
0.118492282927
0.118100173771
0.117685295641
0.117256619036
0.116818375885
0.116375781596
0.115930922329
0.115486122668
0.115040846169
0.114597029984
0.114156670868
0.113717414439
0.113280899823
0.112845428288
0.112413085997
0.111983992159
0.111556686461
0.111131615937
0.110709793866
0.110290236771
0.109872557223
0.109458006918
0.109047122300
0.108636863530
0.108229883015
0.107826806605
0.107425756752
0.107027597725
0.106633044779
0.106241293252
0.105853237212
0.105468459427
0.105087764561
0.104710079730
0.104335524142
0.103966124356
0.103601165116
0.103239901364
0.102882780135
0.102531321347
0.102184660733
0.101842649281
0.101507402956
0.101177401841
0.100852914155
0.100535459816
0.100223578513
0.099919207394
0.099622614682
0.099333830178
0.099052168429
0.098779059947
0.098515339196
0.098260618746
0.098016388714
0.502577602863
0.376213073730
0.338238209486
0.326254338026
0.322418808937
0.321151822805
0.320528358221
0.319902211428
0.319099038839
0.318116784096
0.317000955343
0.315797567368
0.314546912909
0.313274860382
0.312000393867
0.310734272003
0.309485644102
0.308255910873
0.307051330805
0.305868595839
0.304711878300
0.303579330444
0.302470922470
0.301386833191
0.300326913595
0.299290210009
0.298276990652
0.297287046909
0.296319037676
0.295373797417
0.294450759888
0.293550461531
0.292671024799
0.291815698147
0.290981173515
0.290170580149
0.289382219315
0.288615822792
0.287873655558
0.287155270576
0.286460161209
0.285789847374
0.285146236420
0.284527033567
0.283934921026
0.283369988203
0.282833248377
0.282326787710
0.281849473715
0.281403183937
0.280990362167
0.280610352755
0.280265092850
0.279957294464
0.279687404633
0.279456079006
0.279268115759
0.279121577740
0.279022008181
0.278968870640
0.278965294361
0.279013991356
0.279116570950
0.279278099537
0.466267168522
0.349353611469
0.312631040812
0.300303399563
0.295948565006
0.294288098812
0.293458521366
0.292795777321
0.292088806629
0.291290909052
0.290410429239
0.289472281933
0.288497596979
0.287500292063
0.286493062973
0.285485059023
0.284479647875
0.283479988575
0.282487273216
0.281505137682
0.280531883240
0.279569983482
0.278618037701
0.277676433325
0.276744008064
0.275823622942
0.274912893772
0.274013280869
0.273123174906
0.272244483232
0.271376401186
0.270517945290
0.269669145346
0.268831908703
0.268005043268
0.267188191414
0.266381800175
0.265587657690
0.264803767204
0.264030694962
0.263269066811
0.262519150972
0.261779844761
0.261053383350
0.260338187218
0.259635537863
0.258945733309
0.258268922567
0.257605344057
0.256955772638
0.256319612265
0.255698949099
0.255092591047
0.254501402378
0.253926753998
0.253367722034
0.252825766802
0.252302616835
0.251796364784
0.251309722662
0.250842690468
0.250394850969
0.249968796968
0.249564230442
0.569572687149
0.440690159798
0.397373616695
0.381950348616
0.376442939043
0.374516427517
0.373674869537
0.372969090939
0.372095406055
0.371010452509
0.369755268097
0.368389219046
0.366958856583
0.365499794483
0.364037364721
0.362586826086
0.361155837774
0.359753459692
0.358379572630
0.357036888599
0.355725258589
0.354445338249
0.353194922209
0.351975500584
0.350784838200
0.349622666836
0.348487883806
0.347380578518
0.346299290657
0.345244765282
0.344215661287
0.343211352825
0.342231541872
0.341276258230
0.340344756842
0.339437574148
0.338554143906
0.337694227695
0.336859345436
0.336049973965
0.335262924433
0.334501624107
0.333765804768
0.333054333925
0.332370966673
0.331713765860
0.331083744764
0.330481648445
0.329908341169
0.329366266727
0.328854173422
0.328374803066
0.327928781509
0.327517479658
0.327141165733
0.326802968979
0.326503425837
0.326243698597
0.326027303934
0.325854539871
0.325726538897
0.325647950172
0.325618118048
0.325640797615
0.284181505442
0.199066460133
0.174672245979
0.167463123798
0.165350586176
0.164728790522
0.164460092783
0.164196908474
0.163854211569
0.163427561522
0.162936031818
0.162400811911
0.161836266518
0.161255270243
0.160666048527
0.160072535276
0.159480512142
0.158889740705
0.158302158117
0.157719850540
0.157141983509
0.156570315361
0.156004726887
0.155443906784
0.154890775681
0.154341787100
0.153799742460
0.153264373541
0.152734965086
0.152212440968
0.151695549488
0.151185423136
0.150681912899
0.150185495615
0.149695634842
0.149212896824
0.148735910654
0.148266762495
0.147806346416
0.147352814674
0.146906137466
0.146467447281
0.146037846804
0.145616173744
0.145202696323
0.144797921181
0.144402891397
0.144017666578
0.143641680479
0.143275439739
0.142919719219
0.142575055361
0.142242074013
0.141919970512
0.141610175371
0.141312777996
0.141029059887
0.140758812428
0.140501350164
0.140260130167
0.140033543110
0.139822840691
0.139628559351
0.139451533556
0.302058339119
0.216787546873
0.190721720457
0.182124108076
0.179053485394
0.177801162004
0.177125513554
0.176599055529
0.176082402468
0.175539761782
0.174967110157
0.174369812012
0.173756569624
0.173133224249
0.172503352165
0.171871900558
0.171240299940
0.170610696077
0.169982314110
0.169356226921
0.168735206127
0.168117702007
0.167503893375
0.166894048452
0.166288614273
0.165688663721
0.165092259645
0.164501994848
0.163915485144
0.163334369659
0.162758886814
0.162187904119
0.161622792482
0.161063432693
0.160509258509
0.159960150719
0.159417122602
0.158880114555
0.158349752426
0.157825380564
0.157306492329
0.156795471907
0.156289428473
0.155792295933
0.155301183462
0.154817610979
0.154340714216
0.153872221708
0.153412491083
0.152959465981
0.152515947819
0.152080565691
0.151653766632
0.151237457991
0.150830268860
0.150433212519
0.150045841932
0.149669885635
0.149304866791
0.148952841759
0.148610293865
0.148281276226
0.147964626551
0.147661954165
0.187126994133
0.130558460951
0.113751865923
0.108405508101
0.106599129736
0.105908133090
0.105541743338
0.105238474905
0.104923196137
0.104578144848
0.104207523167
0.103815771639
0.103412367404
0.103001601994
0.102585561574
0.102169014513
0.101750321686
0.101332820952
0.100917048752
0.100502260029
0.100089617074
0.099677689373
0.099268831313
0.098860658705
0.098454929888
0.098051287234
0.097649373114
0.097250051796
0.096850641072
0.096455134451
0.096060790122
0.095668829978
0.095278479159
0.094889946282
0.094504065812
0.094119735062
0.093738116324
0.093358911574
0.092981524765
0.092607475817
0.092236883938
0.091866679490
0.091500706971
0.091138251126
0.090777523816
0.090421654284
0.090069063008
0.089719898999
0.089373655617
0.089032866061
0.088696189225
0.088363476098
0.088035471737
0.087712891400
0.087395347655
0.087084122002
0.086778439581
0.086478509009
0.086185701191
0.085900403559
0.085621960461
0.085351593792
0.085089929402
0.084836222231
0.251703947783
0.177469849586
0.155658960342
0.148903012276
0.146734833717
0.145975291729
0.145601809025
0.145283550024
0.144929289818
0.144522666931
0.144072383642
0.143590480089
0.143089026213
0.142575263977
0.142054975033
0.141530811787
0.141007214785
0.140484243631
0.139963477850
0.139445215464
0.138930857182
0.138419181108
0.137912988663
0.137408703566
0.136909753084
0.136413395405
0.135922521353
0.135434836149
0.134952068329
0.134472966194
0.133997917175
0.133527636528
0.133062124252
0.132600516081
0.132144093513
0.131691664457
0.131245225668
0.130802750587
0.130365669727
0.129933565855
0.129507631063
0.129087060690
0.128671646118
0.128262311220
0.127859532833
0.127462983131
0.127072542906
0.126689851284
0.126313805580
0.125944793224
0.125583142042
0.125229835510
0.124885894358
0.124549247324
0.124220646918
0.123902626336
0.123593755066
0.123295821249
0.123007990420
0.122730202973
0.122465051711
0.122212238610
0.121970690787
0.121742881835
0.136310070753
0.093948490918
0.080940194428
0.076563842595
0.074934996665
0.074214793742
0.073786713183
0.073440589011
0.073104418814
0.072761066258
0.072406269610
0.072042562068
0.071673400700
0.071300812066
0.070926077664
0.070549972355
0.070175178349
0.069800831378
0.069425649941
0.069053657353
0.068681992590
0.068310715258
0.067940391600
0.067571617663
0.067203290761
0.066836126149
0.066469706595
0.066104926169
0.065739162266
0.065376140177
0.065013207495
0.064650930464
0.064289905131
0.063929356635
0.063570238650
0.063211031258
0.062853850424
0.062496490777
0.062140770257
0.061785526574
0.061432845891
0.061079300940
0.060728080571
0.060378290713
0.060029931366
0.059682287276
0.059336818755
0.058992691338
0.058650888503
0.058311261237
0.057973094285
0.057636983693
0.057302959263
0.056972004473
0.056643761694
0.056319899857
0.055996753275
0.055677749217
0.055362619460
0.055051542819
0.054743267596
0.054440267384
0.054142870009
0.053849019110
0.107673086226
0.069993235171
0.058752723038
0.055220611393
0.054044492543
0.053571648896
0.053272254765
0.052983410656
0.052663482726
0.052314259112
0.051941491663
0.051557011902
0.051166810095
0.050775714219
0.050387956202
0.050006069243
0.049628563225
0.049259163439
0.048895575106
0.048540003598
0.048190511763
0.047848619521
0.047513015568
0.047183372080
0.046860761940
0.046542562544
0.046229876578
0.045923270285
0.045621193945
0.045325256884
0.045033402741
0.044746108353
0.044462807477
0.044184036553
0.043909437954
0.043639816344
0.043372727931
0.043110616505
0.042852587998
0.042598821223
0.042348571122
0.042103119195
0.041859902442
0.041622228920
0.041388280690
0.041159130633
0.040934659541
0.040713943541
0.040498323739
0.040287561715
0.040082730353
0.039882041514
0.039687313139
0.039499320090
0.039316810668
0.039141453803
0.038972683251
0.038811810315
0.038658984005
0.038514383137
0.038379348814
0.038252241910
0.038137264550
0.038032419980
0.532956659794
0.412782043219
0.370605170727
0.354951947927
0.349234789610
0.347286999226
0.346588402987
0.346133857965
0.345579326153
0.344849288464
0.343964010477
0.342964857817
0.341892838478
0.340776622295
0.339640408754
0.338497042656
0.337356954813
0.336223840714
0.335102379322
0.333995550871
0.332902848721
0.331824004650
0.330760776997
0.329710602760
0.328675389290
0.327654868364
0.326647400856
0.325653433800
0.324671536684
0.323702782393
0.322746098042
0.321801960468
0.320868015289
0.319947153330
0.319035977125
0.318138182163
0.317250609398
0.316374301910
0.315509140491
0.314654618502
0.313811361790
0.312979549170
0.312158435583
0.311348855495
0.310550838709
0.309764683247
0.308990478516
0.308227717876
0.307476997375
0.306739896536
0.306016266346
0.305304855108
0.304607689381
0.303924292326
0.303256809711
0.302604496479
0.301967799664
0.301347702742
0.300744324923
0.300159245729
0.299591690302
0.299044162035
0.298517227173
0.298009961843
0.284536093473
0.193610340357
0.169060260057
0.162532925606
0.161022424698
0.160796225071
0.160748094320
0.160577595234
0.160243779421
0.159773945808
0.159208595753
0.158581942320
0.157920330763
0.157242625952
0.156557410955
0.155874252319
0.155196249485
0.154528051615
0.153869569302
0.153223335743
0.152588665485
0.151965677738
0.151355355978
0.150757282972
0.150171458721
0.149597376585
0.149035543203
0.148484736681
0.147944211960
0.147417575121
0.146900624037
0.146397173405
0.145902782679
0.145420819521
0.144950330257
0.144491583109
0.144043028355
0.143608182669
0.143183827400
0.142772406340
0.142373502254
0.141986817122
0.141613006592
0.141252398491
0.140904992819
0.140572935343
0.140253275633
0.139949023724
0.139661073685
0.139387339354
0.139130830765
0.138891726732
0.138669520617
0.138465881348
0.138281792402
0.138117998838
0.137973904610
0.137851536274
0.137753397226
0.137677460909
0.137627929449
0.137604236603
0.137607365847
0.137639611959
0.487136542797
0.370750278234
0.333029448986
0.319920480251
0.315169721842
0.313357591629
0.312488228083
0.311820328236
0.311110168695
0.310300648212
0.309399515390
0.308433830738
0.307424962521
0.306393444538
0.305351406336
0.304308146238
0.303267657757
0.302234560251
0.301209330559
0.300195485353
0.299192994833
0.298200756311
0.297221451998
0.296252191067
0.295294791460
0.294348418713
0.293413132429
0.292489349842
0.291576772928
0.290674805641
0.289782613516
0.288903146982
0.288032978773
0.287174105644
0.286325544119
0.285488516092
0.284660100937
0.283843964338
0.283039301634
0.282244652510
0.281461179256
0.280689328909
0.279927939177
0.279180228710
0.278443574905
0.277718782425
0.277006477118
0.276306509972
0.275620102882
0.274946451187
0.274287372828
0.273642569780
0.273012399673
0.272397667170
0.271798610687
0.271216422319
0.270650446415
0.270101606846
0.269571423531
0.269059181213
0.268566817045
0.268095701933
0.267643600702
0.267214059830
0.251182764769
0.172966599464
0.151018708944
0.144748032093
0.143032282591
0.142591863871
0.142417848110
0.142210543156
0.141907930374
0.141516089439
0.141056567430
0.140553653240
0.140023618937
0.139478385448
0.138926833868
0.138372540474
0.137820661068
0.137271523476
0.136728078127
0.136191934347
0.135659873486
0.135136693716
0.134618341923
0.134107202291
0.133602738380
0.133104711771
0.132613539696
0.132128924131
0.131650358438
0.131179392338
0.130714237690
0.130255669355
0.129803746939
0.129359096289
0.128920137882
0.128489404917
0.128064155579
0.127645790577
0.127235352993
0.126833438873
0.126436769962
0.126049518585
0.125669687986
0.125297874212
0.124935217202
0.124580211937
0.124233938754
0.123897857964
0.123571164906
0.123254247010
0.122948057950
0.122653134167
0.122368223965
0.122096724808
0.121836103499
0.121589310467
0.121354646981
0.121135272086
0.120929785073
0.120739497244
0.120565898716
0.120408602059
0.120269484818
0.120149083436
0.413501799107
0.312374621630
0.276714712381
0.262652099133
0.256676316261
0.253951609135
0.252531111240
0.251603245735
0.250835508108
0.250102579594
0.249358475208
0.248593211174
0.247805625200
0.247001677752
0.246184229851
0.245356589556
0.244520306587
0.243679076433
0.242833673954
0.241986751556
0.241136670113
0.240285336971
0.239433735609
0.238582789898
0.237732797861
0.236883938313
0.236037224531
0.235191971064
0.234350174665
0.233512610197
0.232677519321
0.231846749783
0.231020003557
0.230199068785
0.229381352663
0.228569656610
0.227762460709
0.226962447166
0.226166903973
0.225378632545
0.224595963955
0.223820775747
0.223050355911
0.222288250923
0.221532195807
0.220784008503
0.220041900873
0.219307601452
0.218580633402
0.217861920595
0.217150062323
0.216446191072
0.215750783682
0.215063124895
0.214383900166
0.213712424040
0.213050246239
0.212395668030
0.211750060320
0.211113542318
0.210485875607
0.209867030382
0.209257930517
0.208657681942
0.440902769566
0.323743224144
0.288557887077
0.277450829744
0.273820549250
0.272548556328
0.271921813488
0.271369963884
0.270727783442
0.269976109266
0.269133925438
0.268229931593
0.267285436392
0.266319364309
0.265344321728
0.264365643263
0.263390988111
0.262421935797
0.261461317539
0.260510385036
0.259568750858
0.258638501167
0.257719546556
0.256811022758
0.255913585424
0.255026519299
0.254151403904
0.253288656473
0.252435475588
0.251594215631
0.250764667988
0.249946266413
0.249138593674
0.248342603445
0.247557669878
0.246785104275
0.246024757624
0.245276361704
0.244539171457
0.243814736605
0.243103235960
0.242403805256
0.241717338562
0.241045862436
0.240386486053
0.239740908146
0.239109724760
0.238492697477
0.237890958786
0.237304359674
0.236735165119
0.236180841923
0.235643416643
0.235123038292
0.234621167183
0.234137743711
0.233672976494
0.233228236437
0.232803225517
0.232400119305
0.232018858194
0.231660217047
0.231324672699
0.231013268232
