0.045694027096
0.026502165943
0.018674347550
0.015736941248
0.014694187790
0.014304701239
0.014096204191
0.013903919607
0.013682369143
0.013426337391
0.013147000223
0.012854579836
0.012561533600
0.012274835259
0.012001011521
0.011745605618
0.011508826166
0.011292610317
0.011096958071
0.010921720415
0.010766539723
0.010629955679
0.010511163622
0.010409925133
0.010324213654
0.010253880173
0.010197613388
0.010154936463
0.010124955326
0.010107461363
0.010101530701
0.010107252747
0.010124061257
0.010152105242
0.010189864784
0.010238055140
0.010297033936
0.010365400463
0.010443661362
0.010531369597
0.010628912598
0.010736171156
0.010852847248
0.010979209095
0.011114630848
0.011260692030
0.011415246874
0.011579189450
0.011753235012
0.011936847121
0.012129697949
0.012332532555
0.012544397265
0.012766841799
0.012997929007
0.013239596039
0.013490919024
0.013752136379
0.014022622257
0.014302823693
0.014593098313
0.014893863350
0.015204016119
0.015524510294
0.200029879808
0.166786909103
0.147573947906
0.137021034956
0.131620675325
0.129156351089
0.128249943256
0.128056347370
0.128080189228
0.128055125475
0.127854436636
0.127442121506
0.126829624176
0.126052379608
0.125155180693
0.124183505774
0.123176604509
0.122169137001
0.121187925339
0.120255202055
0.119385749102
0.118591517210
0.117879718542
0.117255836725
0.116721928120
0.116279810667
0.115927934647
0.115665465593
0.115489810705
0.115399003029
0.115389823914
0.115459561348
0.115604341030
0.115821003914
0.116106063128
0.116455644369
0.116866379976
0.117335736752
0.117858558893
0.118433207273
0.119055271149
0.119722276926
0.120430022478
0.121176570654
0.121959060431
0.122773528099
0.123618394136
0.124490499496
0.125387489796
0.126306355000
0.127245783806
0.128202706575
0.129176110029
0.130163103342
0.131162256002
0.132171154022
0.133189290762
0.134214252234
0.135245859623
0.136281013489
0.137319356203
0.138360500336
0.139401674271
0.140443772078
0.343423277140
0.289783149958
0.256773471832
0.237629473209
0.227180182934
0.221888035536
0.219460397959
0.218470454216
0.218068122864
0.217777967453
0.217360079288
0.216720342636
0.215842634439
0.214755535126
0.213503509760
0.212138473988
0.210707157850
0.209250688553
0.207803249359
0.206391781569
0.205035209656
0.203749984503
0.202546179295
0.201430708170
0.200407713652
0.199481099844
0.198648869991
0.197913855314
0.197272956371
0.196725726128
0.196269601583
0.195902615786
0.195622831583
0.195428878069
0.195317178965
0.195286065340
0.195334434509
0.195459812880
0.195659965277
0.195934563875
0.196282178164
0.196700543165
0.197189897299
0.197748571634
0.198376417160
0.199071764946
0.199835449457
0.200666725636
0.201565444469
0.202531039715
0.203563511372
0.204663246870
0.205830812454
0.207066088915
0.208368450403
0.209740340710
0.211180716753
0.212691396475
0.214272141457
0.215923368931
0.217645704746
0.219440728426
0.221308887005
0.223250448704
0.035918686539
0.016677830368
0.009650323540
0.007623765618
0.007295403630
0.007373396307
0.007429037243
0.007362667471
0.007181260735
0.006918344647
0.006610129029
0.006283108145
0.005957219750
0.005643878132
0.005351755768
0.005083147436
0.004840914160
0.004625175148
0.004434827715
0.004267308861
0.004123423249
0.003998640925
0.003893975168
0.003806266934
0.003735218197
0.003678802401
0.003636453301
0.003606650978
0.003589633852
0.003583494574
0.003589037806
0.003604505211
0.003630492836
0.003665659577
0.003711227328
0.003765348345
0.003829274327
0.003902647644
0.003984514624
0.004074666649
0.004174534231
0.004283133894
0.004400018603
0.004526589066
0.004661742598
0.004805210978
0.004957769066
0.005119595677
0.005289856344
0.005469594151
0.005657795817
0.005856011063
0.006062481552
0.006278578192
0.006503585726
0.006738577038
0.006982330233
0.007235947996
0.007498327643
0.007770720869
0.008052829653
0.008343968540
0.008645627648
0.008956525475
0.170940041542
0.141248971224
0.124294131994
0.115074396133
0.110410422087
0.108325242996
0.107599556446
0.107490062714
0.107560992241
0.107577115297
0.107428282499
0.107082784176
0.106551468372
0.105865746737
0.105066508055
0.104194730520
0.103286713362
0.102373361588
0.101479589939
0.100625842810
0.099826455116
0.099092125893
0.098430514336
0.097847342491
0.097345054150
0.096924662590
0.096586585045
0.096331298351
0.096157222986
0.096061289310
0.096042871475
0.096099376678
0.096227377653
0.096425324678
0.096690595150
0.097020328045
0.097409844398
0.097858905792
0.098361790180
0.098917901516
0.099524080753
0.100176364183
0.100872635841
0.101608991623
0.102384507656
0.103194952011
0.104037314653
0.104910612106
0.105810582638
0.106736004353
0.107683300972
0.108650237322
0.109634906054
0.110634773970
0.111647695303
0.112671375275
0.113704115152
0.114744514227
0.115788727999
0.116836816072
0.117887765169
0.118938207626
0.119987398386
0.121034085751
0.291004866362
0.245001941919
0.217390716076
0.201707094908
0.193332731724
0.189220368862
0.187429666519
0.186767697334
0.186527699232
0.186322212219
0.185962080956
0.185378849506
0.184571564198
0.183572918177
0.182431280613
0.181195110083
0.179909616709
0.178613305092
0.177337437868
0.176106870174
0.174938738346
0.173845410347
0.172837108374
0.171918392181
0.171091735363
0.170359313488
0.169719427824
0.169171512127
0.168713003397
0.168342262506
0.168054789305
0.167849004269
0.167721688747
0.167668759823
0.167688459158
0.167777061462
0.167932480574
0.168151617050
0.168431043625
0.168769955635
0.169165521860
0.169616073370
0.170119613409
0.170673549175
0.171277284622
0.171930015087
0.172628313303
0.173373132944
0.174162894487
0.174996554852
0.175872772932
0.176791727543
0.177752137184
0.178754478693
0.179796963930
0.180880427361
0.182004719973
0.183168798685
0.184373050928
0.185617566109
0.186901986599
0.188227355480
0.189591675997
0.190996408463
0.374222785234
0.316364258528
0.280207931995
0.258979797363
0.247255504131
0.241231173277
0.238409042358
0.237222105265
0.236729800701
0.236402183771
0.235966652632
0.235311448574
0.234410703182
0.233288854361
0.231990844011
0.230568021536
0.229067564011
0.227534264326
0.226001888514
0.224500507116
0.223051309586
0.221670687199
0.220370560884
0.219158023596
0.218040496111
0.217020452023
0.216098636389
0.215276509523
0.214553743601
0.213928878307
0.213401049376
0.212968707085
0.212630063295
0.212383508682
0.212227493525
0.212159842253
0.212180286646
0.212287098169
0.212478458881
0.212754398584
0.213112682104
0.213552236557
0.214074671268
0.214678406715
0.215362340212
0.216127187014
0.216973066330
0.217898577452
0.218905836344
0.219994217157
0.221164047718
0.222416400909
0.223751813173
0.225170314312
0.226673126221
0.228261590004
0.229936122894
0.231697767973
0.233547896147
0.235486865044
0.237516343594
0.239637911320
0.241852223873
0.244160383940
0.467494249344
0.398998230696
0.354091376066
0.326688021421
0.311005502939
0.302619725466
0.298477798700
0.296603977680
0.295784443617
0.295317023993
0.294826447964
0.294138133526
0.293196707964
0.292009621859
0.290616899729
0.289068073034
0.287415236235
0.285705298185
0.283978581429
0.282267838717
0.280598342419
0.278991490602
0.277462303638
0.276022672653
0.274679958820
0.273439884186
0.272306740284
0.271282553673
0.270369708538
0.269567877054
0.268877565861
0.268299698830
0.267832517624
0.267476201057
0.267231345177
0.267096847296
0.267072230577
0.267157018185
0.267352730036
0.267658591270
0.268074810505
0.268601953983
0.269241333008
0.269992262125
0.270857006311
0.271836340427
0.272931724787
0.274144828320
0.275476872921
0.276929855347
0.278505533934
0.280207067728
0.282035648823
0.283994764090
0.286086589098
0.288314193487
0.290680468082
0.293188542128
0.295842170715
0.298643589020
0.301597028971
0.304705888033
0.307974278927
0.311404705048
0.060768399388
0.041409138590
0.032403025776
0.028266254812
0.026347730309
0.025429878384
0.024955514818
0.024667445570
0.024443063885
0.024227891117
0.024000082165
0.023754093796
0.023491922766
0.023220811039
0.022945735604
0.022672209889
0.022406492382
0.022151235491
0.021910820156
0.021684650332
0.021476212889
0.021285478026
0.021112058312
0.020956609398
0.020818535239
0.020697597414
0.020593676716
0.020505819470
0.020434144884
0.020377758890
0.020336154848
0.020309660584
0.020297858864
0.020299229771
0.020314577967
0.020343694836
0.020386729389
0.020441774279
0.020511034876
0.020592246205
0.020685825497
0.020792666823
0.020911756903
0.021043960005
0.021187517792
0.021343324333
0.021512273699
0.021692041308
0.021884623915
0.022089604288
0.022305730730
0.022534076124
0.022774908692
0.023026559502
0.023290697485
0.023566696793
0.023854110390
0.024153236300
0.024463985115
0.024785522372
0.025119189173
0.025463853031
0.025820437819
0.026187632233
0.295485138893
0.248820036650
0.220753610134
0.204782456160
0.196238368750
0.192029625177
0.190187245607
0.189497321844
0.189243257046
0.189029574394
0.188663184643
0.188073366880
0.187258183956
0.186250954866
0.185098767281
0.183849990368
0.182550966740
0.181240618229
0.179948955774
0.178702145815
0.177516341209
0.176405996084
0.175380200148
0.174443006516
0.173599183559
0.172848343849
0.172190368176
0.171625137329
0.171149432659
0.170761018991
0.170457929373
0.170235812664
0.170093089342
0.170025527477
0.170030564070
0.170106172562
0.170249134302
0.170456290245
0.170725584030
0.171055018902
0.171443134546
0.171886116266
0.172383666039
0.172934204340
0.173534929752
0.174185901880
0.174885988235
0.175632447004
0.176425606012
0.177264899015
0.178148925304
0.179077595472
0.180049866438
0.181065618992
0.182124704123
0.183226853609
0.184371262789
0.185557961464
0.186788082123
0.188060611486
0.189375162125
0.190733253956
0.192133605480
0.193577259779
0.083567619324
0.062933325768
0.052205447108
0.046705607325
0.043947909027
0.042621944100
0.042021933943
0.041763726622
0.041633848101
0.041520509869
0.041369978338
0.041163358837
0.040899012238
0.040585372597
0.040234539658
0.039858821779
0.039471063763
0.039081010967
0.038696531206
0.038323227316
0.037967804819
0.037632349879
0.037319485098
0.037030611187
0.036767158657
0.036529723555
0.036318156868
0.036133531481
0.035974744707
0.035840693861
0.035732600838
0.035650137812
0.035591874272
0.035559091717
0.035549495369
0.035562995821
0.035599980503
0.035660300404
0.035743150860
0.035848293453
0.035975310951
0.036123756319
0.036293599755
0.036484513432
0.036695931107
0.036927524954
0.037180010229
0.037451598793
0.037743691355
0.038054261357
0.038383308798
0.038730654866
0.039097283036
0.039480779320
0.039882007986
0.040300015360
0.040735039860
0.041185770184
0.041652474552
0.042134765536
0.042630825192
0.043142411858
0.043666694313
0.044204864651
0.230840712786
0.193515747786
0.171682715416
0.159558862448
0.153265893459
0.150317549706
0.149157166481
0.148829638958
0.148777216673
0.148693293333
0.148434907198
0.147957950830
0.147270768881
0.146411627531
0.145426094532
0.144361972809
0.143262207508
0.142162144184
0.141090452671
0.140069723129
0.139116078615
0.138241767883
0.137452721596
0.136755675077
0.136151939631
0.135641872883
0.135224908590
0.134899467230
0.134662389755
0.134510517120
0.134441941977
0.134451568127
0.134536981583
0.134692817926
0.134916871786
0.135205119848
0.135553956032
0.135959863663
0.136419087648
0.136928737164
0.137486100197
0.138086885214
0.138729751110
0.139411270618
0.140128284693
0.140879839659
0.141662359238
0.142474472523
0.143312901258
0.144176930189
0.145064324141
0.145972967148
0.146902740002
0.147850275040
0.148815929890
0.149797201157
0.150793969631
0.151804059744
0.152827709913
0.153863012791
0.154910385609
0.155967354774
0.157034903765
0.158112525940
0.116324961185
0.092642843723
0.079581469297
0.072629123926
0.069134533405
0.067549109459
0.066962718964
0.066833972931
0.066854596138
0.066855251789
0.066756069660
0.066529780626
0.066180706024
0.065726608038
0.065191924572
0.064602464437
0.063980668783
0.063347905874
0.062718600035
0.062107477337
0.061522606760
0.060972664505
0.060462478548
0.059996638447
0.059575650841
0.059203002602
0.058879140764
0.058603975922
0.058378312737
0.058201078326
0.058071289212
0.057989779860
0.057954583317
0.057965252548
0.058020953089
0.058120731264
0.058263842016
0.058448407799
0.058674756438
0.058940414339
0.059245798737
0.059588704258
0.059968236834
0.060383412987
0.060833904892
0.061317209154
0.061833027750
0.062379542738
0.062956064939
0.063561111689
0.064193546772
0.064851999283
0.065534323454
0.066240638494
0.066968858242
0.067716747522
0.068484365940
0.069269716740
0.070071190596
0.070887297392
0.071716785431
0.072558641434
0.073411047459
0.074271529913
0.145344972610
0.118565887213
0.103468447924
0.095332592726
0.091243088245
0.089425444603
0.088801383972
0.088717281818
0.088793575764
0.088824182749
0.088711470366
0.088426142931
0.087976545095
0.087389945984
0.086700379848
0.085942327976
0.085146576166
0.084341824055
0.083548128605
0.082783520222
0.082061052322
0.081389814615
0.080778628588
0.080229520798
0.079747617245
0.079334408045
0.078990340233
0.078715384007
0.078509569168
0.078371316195
0.078300684690
0.078294813633
0.078352600336
0.078472465277
0.078652918339
0.078891456127
0.079185992479
0.079535096884
0.079936236143
0.080388545990
0.080888211727
0.081434369087
0.082023233175
0.082654327154
0.083325088024
0.084033399820
0.084776550531
0.085552394390
0.086359143257
0.087194889784
0.088056176901
0.088941603899
0.089849263430
0.090776771307
0.091721922159
0.092683225870
0.093658238649
0.094644486904
0.095640510321
0.096645057201
0.097654849291
0.098669469357
0.099686086178
0.100704699755
0.499902248383
0.428572416306
0.380977362394
0.351499915123
0.334391057491
0.325092941523
0.320396453142
0.318197518587
0.317194014788
0.316621392965
0.316068410873
0.315337598324
0.314360409975
0.313137084246
0.311703890562
0.310108393431
0.308402806520
0.306633979082
0.304843604565
0.303064852953
0.301324844360
0.299644291401
0.298040807247
0.296525150537
0.295107364655
0.293792247772
0.292585492134
0.291489869356
0.290507525206
0.289639800787
0.288886129856
0.288248270750
0.287726104259
0.287319779396
0.287029713392
0.286855101585
0.286798149347
0.286856830120
0.287032455206
0.287327110767
0.287739813328
0.288272500038
0.288925796747
0.289702445269
0.290602654219
0.291629016399
0.292783230543
0.294067978859
0.295484840870
0.297037810087
0.298729032278
0.300561249256
0.302538692951
0.304664164782
0.306942284107
0.309376031160
0.311970204115
0.314728289843
0.317656517029
0.320757418871
0.324037283659
0.327500283718
0.331151872873
0.334997355938
0.573092699051
0.497092843056
0.444115996361
0.410000950098
0.389404535294
0.377664178610
0.371322661638
0.368032336235
0.366302698851
0.365239113569
0.364339888096
0.363351732492
0.362167447805
0.360765129328
0.359165638685
0.357409268618
0.355542182922
0.353609323502
0.351650416851
0.349698454142
0.347780495882
0.345920145512
0.344132453203
0.342431783676
0.340827316046
0.339326828718
0.337936341763
0.336659014225
0.335498034954
0.334457308054
0.333537101746
0.332740038633
0.332068383694
0.331522107124
0.331103920937
0.330815047026
0.330657243729
0.330632477999
0.330743342638
0.330992162228
0.331381022930
0.331914246082
0.332593500614
0.333424180746
0.334407985210
0.335551887751
0.336857616901
0.338331520557
0.339977830648
0.341803342104
0.343813270330
0.346013695002
0.348411411047
0.351013123989
0.353825926781
0.356858998537
0.360118150711
0.363612502813
0.367351293564
0.371342122555
0.375594675541
0.380118310452
0.384922474623
0.390015959740
0.074862927198
0.054845128208
0.044763360173
0.039729926735
0.037238124758
0.036026183516
0.035446617752
0.035160128027
0.034986291081
0.034832421690
0.034654859453
0.034438107163
0.034181896597
0.033892545849
0.033579591662
0.033251825720
0.032919321209
0.032588306814
0.032266292721
0.031956497580
0.031663808972
0.031388524920
0.031133327633
0.030899558216
0.030686859041
0.030496213585
0.030327681452
0.030180398375
0.030053887516
0.029948893934
0.029864702374
0.029800985008
0.029757175595
0.029733244330
0.029728595167
0.029742632061
0.029776636511
0.029827509075
0.029897097498
0.029985550791
0.030091170222
0.030215058476
0.030355814844
0.030514005572
0.030688706785
0.030881289393
0.031089220196
0.031314108521
0.031555447727
0.031813327223
0.032085750252
0.032375160605
0.032679531723
0.032999847084
0.033335123211
0.033685151488
0.034049127251
0.034428272396
0.034821454436
0.035228464752
0.035649303347
0.036082867533
0.036529693753
0.036988709122
0.548227071762
0.473532974720
0.422274798155
0.389736354351
0.370380371809
0.359546095133
0.353840649128
0.350992888212
0.349571079016
0.348725616932
0.347984582186
0.347117036581
0.346028506756
0.344706296921
0.343179166317
0.341488301754
0.339684993029
0.337814331055
0.335917055607
0.334028035402
0.332174330950
0.330377638340
0.328655332327
0.327019155025
0.325479686260
0.324043720961
0.322717368603
0.321503460407
0.320405066013
0.319424211979
0.318562090397
0.317820101976
0.317199587822
0.316701769829
0.316326856613
0.316076546907
0.315950989723
0.315953612328
0.316083222628
0.316343605518
0.316735684872
0.317262202501
0.317925512791
0.318728238344
0.319672971964
0.320764660835
0.322004318237
0.323396563530
0.324947386980
0.326658546925
0.328536093235
0.330584615469
0.332810163498
0.335216879845
0.337812066078
0.340600818396
0.343589931726
0.346786469221
0.350197464228
0.353830426931
0.357690900564
0.361788511276
0.366130292416
0.370724141598
0.094595640898
0.073028236628
0.061500553042
0.055475804955
0.052440349013
0.051010582596
0.050410125405
0.050198081881
0.050126049668
0.050060663372
0.049937520176
0.049733016640
0.049447212368
0.049091879278
0.048683617264
0.048238430172
0.047772381455
0.047300074250
0.046830926090
0.046373669058
0.045935843140
0.045521918684
0.045135680586
0.044779036194
0.044453475624
0.044160638005
0.043900880963
0.043673966080
0.043479893357
0.043318603188
0.043190691620
0.043094459921
0.043029610068
0.042996082455
0.042993668467
0.043021086603
0.043078515679
0.043165389448
0.043280068785
0.043423924595
0.043595526367
0.043793771416
0.044019047171
0.044271294028
0.044548753649
0.044851455837
0.045179162174
0.045529965311
0.045905772597
0.046304140240
0.046724889427
0.047167364508
0.047631118447
0.048115823418
0.048620019108
0.049143824726
0.049686793238
0.050246242434
0.050823930651
0.051417443901
0.052026305348
0.052650127560
0.053287331015
0.053938064724
0.096416234970
0.074683815241
0.063025295734
0.056918356568
0.053841713816
0.052397284657
0.051798019558
0.051594439894
0.051531109959
0.051473204046
0.051353368908
0.051147464663
0.050857726485
0.050495062023
0.050076130778
0.049619112164
0.049140218645
0.048653189093
0.048170093447
0.047699127346
0.047248456627
0.046821866184
0.046423736960
0.046056542546
0.045721445233
0.045419845730
0.045153234154
0.044920179993
0.044721011072
0.044557187706
0.044426534325
0.044329855591
0.044265273958
0.044233325869
0.044233355671
0.044264320284
0.044327232987
0.044419828802
0.044541928917
0.044694308192
0.044875059277
0.045083258301
0.045319888741
0.045583430678
0.045873407274
0.046189520508
0.046531293541
0.046898249537
0.047289196402
0.047703597695
0.048141125590
0.048601213843
0.049082431942
0.049585137516
0.050108555704
0.050650928169
0.051212195307
0.051791463047
0.052388314158
0.053000722080
0.053629253060
0.054272536188
0.054928783327
0.055598292500
0.050381336361
0.031188908964
0.022991809994
0.019653473049
0.018306706101
0.017727199942
0.017417047173
0.017182175070
0.016951326281
0.016704652458
0.016440425068
0.016164187342
0.015882734209
0.015604767948
0.015335623175
0.015078935772
0.014838192612
0.014614883810
0.014410112053
0.014223817736
0.014057431370
0.013908330351
0.013776782900
0.013662938029
0.013565156609
0.013482276350
0.013414297253
0.013361040503
0.013320479542
0.013292971998
0.013279411942
0.013276580721
0.013285968453
0.013306472450
0.013338778168
0.013382349163
0.013435903937
0.013500694185
0.013575915247
0.013661894947
0.013757083565
0.013863358647
0.013979826123
0.014106664807
0.014243278652
0.014390084893
0.014547470957
0.014713767916
0.014891508967
0.015078339726
0.015275750309
0.015483621508
0.015700940043
0.015928599983
0.016166213900
0.016414914280
0.016672942787
0.016941700131
0.017220143229
0.017509106547
0.017808411270
0.018117759377
0.018437419087
0.018767390400
0.130852133036
0.105647712946
0.091570496559
0.084026873112
0.080238372087
0.078545093536
0.077950447798
0.077854931355
0.077913165092
0.077935904264
0.077835172415
0.077582538128
0.077182978392
0.076660573483
0.076044380665
0.075365215540
0.074650257826
0.073923587799
0.073205113411
0.072508484125
0.071845978498
0.071227282286
0.070657849312
0.070141613483
0.069682598114
0.069281488657
0.068940401077
0.068659007549
0.068436324596
0.068273097277
0.068167984486
0.068121194839
0.068129420280
0.068192124367
0.068308502436
0.068477660418
0.068696707487
0.068965435028
0.069281667471
0.069644778967
0.070051848888
0.070501625538
0.070993691683
0.071525096893
0.072095155716
0.072701454163
0.073342531919
0.074016273022
0.074721723795
0.075455725193
0.076218396425
0.077006876469
0.077819585800
0.078653454781
0.079508900642
0.080382913351
0.081272989511
0.082179158926
0.083098679781
0.084029138088
0.084969818592
0.085918456316
0.086874037981
0.087833583355
0.114248752594
0.090778112411
0.077862143517
0.070995718241
0.067543536425
0.065972030163
0.065384626389
0.065249413252
0.065263539553
0.065259397030
0.065159320831
0.064936757088
0.064593881369
0.064149677753
0.063627213240
0.063050985336
0.062444332987
0.061825428158
0.061210785061
0.060612086207
0.060040835291
0.059502068907
0.059001419693
0.058543864638
0.058130864054
0.057763699442
0.057444278151
0.057171467692
0.056946281344
0.056768242270
0.056636814028
0.056551668793
0.056511346251
0.056515667588
0.056563440710
0.056654516608
0.056787017733
0.056960884482
0.057174567133
0.057426873595
0.057717327029
0.058045152575
0.058408800513
0.058807585388
0.059239689261
0.059705290943
0.060202423483
0.060729626566
0.061286512762
0.061871264130
0.062484089285
0.063121557236
0.063783615828
0.064469188452
0.065176606178
0.065905064344
0.066651850939
0.067417591810
0.068198710680
0.068995893002
0.069806426764
0.070629626513
0.071463465691
0.072307616472
0.493966341019
0.423122197390
0.376004755497
0.346905112267
0.330061465502
0.320935994387
0.316346734762
0.314213335514
0.313248246908
0.312698304653
0.312159717083
0.311439394951
0.310470551252
0.309255391359
0.307830184698
0.306244403124
0.304549038410
0.302792340517
0.301013231277
0.299246519804
0.297519713640
0.295853674412
0.294263303280
0.292761892080
0.291358292103
0.290057241917
0.288864552975
0.287782549858
0.286813110113
0.285957872868
0.285217046738
0.284590631723
0.284079551697
0.283683538437
0.283402562141
0.283236563206
0.283185839653
0.283250838518
0.283430963755
0.283728569746
0.284142971039
0.284676104784
0.285327672958
0.286100357771
0.286995023489
0.288013100624
0.289157599211
0.290430247784
0.291831910610
0.293367207050
0.295037448406
0.296846628189
0.298796683550
0.300891399384
0.303134948015
0.305530279875
0.308081924915
0.310793101788
0.313668906689
0.316713809967
0.319930911064
0.323327541351
0.326905548573
0.330671817064
0.230304419994
0.193053334951
0.171267747879
0.159172862768
0.152896255255
0.149957150221
0.148801386356
0.148477017879
0.148425906897
0.148342907429
0.148085594177
0.147609084845
0.146924078465
0.146065950394
0.145082384348
0.144019037485
0.142921298742
0.141822546721
0.140752643347
0.139733552933
0.138781636953
0.137908309698
0.137121856213
0.136426210403
0.135823756456
0.135315567255
0.134900510311
0.134576261044
0.134340524673
0.134190976620
0.134123682976
0.134134650230
0.134221196175
0.134378582239
0.134604454041
0.134894400835
0.135244637728
0.135652065277
0.136112749577
0.136623859406
0.137182444334
0.137785166502
0.138429373503
0.139112532139
0.139831006527
0.140583634377
0.141367554665
0.142180681229
0.143020153046
0.143884927034
0.144773095846
0.145682841539
0.146613091230
0.147561222315
0.148527175188
0.149508476257
0.150505095720
0.151515662670
0.152538716793
0.153573900461
0.154619842768
0.155676066875
0.156742990017
0.157818943262
0.118428379297
0.094529360533
0.081320852041
0.074282675982
0.070746093988
0.069146037102
0.068558692932
0.068436473608
0.068463176489
0.068468809128
0.068370014429
0.068140357733
0.067784041166
0.067319750786
0.066772997379
0.066170483828
0.065534710884
0.064887136221
0.064243942499
0.063618868589
0.063021928072
0.062460754067
0.061941150576
0.061466310173
0.061039213091
0.060661409050
0.060333434492
0.060056332499
0.059830043465
0.059653613716
0.059527132660
0.059448931366
0.059419099241
0.059437219054
0.059500340372
0.059609685093
0.059763345867
0.059960011393
0.060198757797
0.060478899628
0.060798589140
0.061157260090
0.061553630978
0.061985973269
0.062453810126
0.062955439091
0.063490271568
0.064056456089
0.064652740955
0.065277904272
0.065930187702
0.066608577967
0.067311644554
0.068038225174
0.068786770105
0.069554924965
0.070342481136
0.071146637201
0.071967720985
0.072802901268
0.073651313782
0.074510246515
0.075379759073
0.076258361340
0.456383287907
0.388963669538
0.345022052526
0.318336725235
0.303134590387
0.295046210289
0.291078835726
0.289301961660
0.288533627987
0.288092046976
0.287614285946
0.286934047937
0.285999596119
0.284822881222
0.283440738916
0.281906306744
0.280269980431
0.278579950333
0.276874423027
0.275186091661
0.273540467024
0.271959125996
0.270455032587
0.269040346146
0.267722576857
0.266507595778
0.265398204327
0.264397948980
0.263507097960
0.262726098299
0.262055754662
0.261495769024
0.261045098305
0.260703802109
0.260471224785
0.260346859694
0.260330468416
0.260422050953
0.260621070862
0.260926872492
0.261340677738
0.261862605810
0.262492924929
0.263232141733
0.264080882072
0.265041023493
0.266112595797
0.267297685146
0.268597364426
0.270013093948
0.271547228098
0.273201644421
0.274978041649
0.276879072189
0.278906196356
0.281063377857
0.283352136612
0.285775333643
0.288336694241
0.291038334370
0.293883830309
0.296876639128
0.300019115210
0.303315162659
0.078344136477
0.058094982058
0.047752741724
0.042526397854
0.039922092110
0.038659129292
0.038069013506
0.037792537361
0.037635657936
0.037497553974
0.037331793457
0.037119988352
0.036861542612
0.036562774330
0.036235693842
0.035889957100
0.035536441952
0.035183105618
0.034836802632
0.034502569586
0.034184578806
0.033885870129
0.033608410507
0.033352468163
0.033120039850
0.032910142094
0.032724473625
0.032561246306
0.032422248274
0.032305244356
0.032210592180
0.032139513642
0.032088909298
0.032059911638
0.032052431256
0.032065663487
0.032098803669
0.032152686268
0.032226804644
0.032320115715
0.032432768494
0.032564792782
0.032716009766
0.032885257155
0.033072713763
0.033279065043
0.033503297716
0.033744994551
0.034005258232
0.034282121807
0.034575376660
0.034886095673
0.035213265568
0.035556677729
0.035916570574
0.036292050034
0.036682490259
0.037088725716
0.037508938462
0.037943664938
0.038393203169
0.038856420666
0.039332512766
0.039821688086
0.533909201622
0.460103273392
0.409885942936
0.378254264593
0.359583467245
0.349231690168
0.343853086233
0.341223239899
0.339946925640
0.339200437069
0.338530391455
0.337714046240
0.336668193340
0.335382193327
0.333887636662
0.332229703665
0.330458015203
0.328620195389
0.326756596565
0.324901610613
0.323082059622
0.321321487427
0.319634556770
0.318035900593
0.316533088684
0.315134316683
0.313844621181
0.312666267157
0.311603128910
0.310656964779
0.309828490019
0.309119164944
0.308528572321
0.308059483767
0.307710558176
0.307483643293
0.307379126549
0.307398736477
0.307542532682
0.307813316584
0.308211684227
0.308738917112
0.309399068356
0.310192584991
0.311122685671
0.312192320824
0.313403934240
0.314760953188
0.316267281771
0.317926347256
0.319742649794
0.321720838547
0.323863893747
0.326178431511
0.328668713570
0.331341445446
0.334200680256
0.337253183126
0.340504705906
0.343962341547
0.347632318735
0.351521134377
0.355635643005
0.359983801842
0.090728104115
0.069503456354
0.058253739029
0.052406612784
0.049463246018
0.048065755516
0.047463569790
0.047235433012
0.047143045813
0.047061894089
0.046929690987
0.046725694090
0.046448651701
0.046109024435
0.045721624047
0.045301828533
0.044864092022
0.044420573860
0.043981555849
0.043554577976
0.043145004660
0.042758975178
0.042397323996
0.042063746601
0.041760090739
0.041485343128
0.041241679341
0.041027996689
0.040844921023
0.040692929178
0.040569964796
0.040476862341
0.040412817150
0.040377680212
0.040370855480
0.040391448885
0.040439788252
0.040515307337
0.040617201477
0.040745023638
0.040898505598
0.041077438742
0.041281227022
0.041508976370
0.041761312634
0.042036179453
0.042335215956
0.042656663805
0.043000463396
0.043365214020
0.043751958758
0.044159028679
0.044586990029
0.045034054667
0.045500490814
0.045985314995
0.046487931162
0.047008696944
0.047545824200
0.048098627478
0.048666629940
0.049249920994
0.049847010523
0.050456944853
0.121274143457
0.097080349922
0.083672970533
0.076518744230
0.072924435139
0.071303635836
0.070715099573
0.070601195097
0.070636868477
0.070646554232
0.070548772812
0.070314466953
0.069947719574
0.069470345974
0.068907737732
0.068286418915
0.067632377148
0.066965669394
0.066303879023
0.065661549568
0.065048396587
0.064473003149
0.063940316439
0.063455015421
0.063019484282
0.062635660172
0.062302891165
0.062023762614
0.061796728522
0.061622980982
0.061500225216
0.061428342015
0.061406318098
0.061433646828
0.061509195715
0.061631355435
0.061799708754
0.062012616545
0.062268678099
0.062567651272
0.062907814980
0.063287377357
0.063706129789
0.064161866903
0.064653217793
0.065180212259
0.065740019083
0.066331833601
0.066953778267
0.067605793476
0.068285048008
0.068990409374
0.069720268250
0.070473611355
0.071248233318
0.072043120861
0.072856515646
0.073686957359
0.074532479048
0.075392097235
0.076264262199
0.077146947384
0.078038811684
0.078938335180
0.185619652271
0.154171198606
0.136100381613
0.126224756241
0.121200323105
0.118934005499
0.118124961853
0.117978692055
0.118030488491
0.118027895689
0.117853820324
0.117474377155
0.116900026798
0.116165727377
0.115314602852
0.114389330149
0.113429278135
0.112466126680
0.111526846886
0.110632002354
0.109796881676
0.109033077955
0.108347654343
0.107746481895
0.107231706381
0.106804102659
0.106463998556
0.106210649014
0.106042325497
0.105957031250
0.105951607227
0.106023728848
0.106170862913
0.106388658285
0.106674522161
0.107025206089
0.107438087463
0.107908755541
0.108434498310
0.109012514353
0.109638988972
0.110311686993
0.111026376486
0.111781001091
0.112572431564
0.113396674395
0.114252477884
0.115135878325
0.116045206785
0.116977751255
0.117930531502
0.118902593851
0.119889497757
0.120890051126
0.121903717518
0.122925937176
0.123956978321
0.124994128942
0.126036256552
0.127080768347
0.128127485514
0.129174411297
0.130219638348
0.131263017654
0.076194018126
0.056090120226
0.045908633620
0.040799859911
0.038264278322
0.037031684071
0.036447498947
0.036163959652
0.035996649414
0.035849455744
0.035676751286
0.035462174565
0.035204742104
0.034912589937
0.034593734890
0.034259650856
0.033919040114
0.033579740673
0.033248070627
0.032929811627
0.032627318054
0.032343272120
0.032079253346
0.031837198883
0.031617585570
0.031419429928
0.031243655831
0.031089935452
0.030958924443
0.030849311501
0.030761692673
0.030694488436
0.030648712069
0.030622188002
0.030616287142
0.030629906803
0.030663464218
0.030715320259
0.030786786228
0.030876342207
0.030985299498
0.031111661345
0.031256053597
0.031417999417
0.031597737223
0.031794521958
0.032008800656
0.032240185887
0.032488051802
0.032752547413
0.033033493906
0.033330354840
0.033643160015
0.033971939236
0.034316126257
0.034675512463
0.035049710423
0.035438213497
0.035841885954
0.036259446293
0.036690149456
0.037135127932
0.037592653185
0.038063500077
0.073280453682
0.053358796984
0.043395821005
0.038454357535
0.036016557366
0.034830454737
0.034256849438
0.033966962248
0.033785406500
0.033624444157
0.033441606909
0.033222679049
0.032967153937
0.032681021839
0.032373044640
0.032053861767
0.031730148941
0.031409654766
0.031098220497
0.030799511820
0.030517075211
0.030251834542
0.030007485300
0.029783103615
0.029579494148
0.029396865517
0.029236350209
0.029095593840
0.028976026922
0.028877023607
0.028797212988
0.028737131506
0.028697017580
0.028675083071
0.028671387583
0.028687272221
0.028720591217
0.028772059828
0.028840694577
0.028926823288
0.029029730707
0.029149983078
0.029287699610
0.029441151768
0.029611233622
0.029796544462
0.029999140650
0.030217561871
0.030451033264
0.030700150877
0.030965540558
0.031245801598
0.031539920717
0.031850729138
0.032175604254
0.032514844090
0.032868716866
0.033236149698
0.033617589623
0.034012708813
0.034421268851
0.034842554480
0.035276625305
0.035723302513
0.067326545715
0.047720555216
0.038209918886
0.033630941063
0.031419489533
0.030344281346
0.029807064682
0.029510829598
0.029304448515
0.029116187245
0.028912398964
0.028682503849
0.028426561505
0.028149668127
0.027861032635
0.027566794306
0.027274522930
0.026988092810
0.026713255793
0.026452098042
0.026207361370
0.025980357081
0.025772009045
0.025582376868
0.025412116200
0.025260273367
0.025127504021
0.025013152510
0.024916414171
0.024838242680
0.024777475744
0.024733487517
0.024705920368
0.024694476277
0.024699572474
0.024720255286
0.024757031351
0.024808052927
0.024875584990
0.024957720190
0.025054279715
0.025165412575
0.025291148573
0.025430921465
0.025586370379
0.025754991919
0.025937143713
0.026134137064
0.026344720274
0.026568833739
0.026806388050
0.027057740837
0.027322743088
0.027600679547
0.027892235667
0.028197053820
0.028514508158
0.028845433146
0.029188249260
0.029543641955
0.029911641032
0.030291859061
0.030683729798
0.031088534743
0.099814742804
0.077765613794
0.065865665674
0.059608314186
0.056456420571
0.054986719042
0.054389420897
0.054200891405
0.054154638201
0.054108653218
0.053994569927
0.053787294775
0.053487990052
0.053110752255
0.052672389895
0.052193019539
0.051688853651
0.051176402718
0.050667200238
0.050170902163
0.049695197493
0.049246344715
0.048826161772
0.048439536244
0.048087630421
0.047771636397
0.047491792589
0.047248784453
0.047042373568
0.046872440726
0.046738926321
0.046641115099
0.046579126269
0.046551141888
0.046557340771
0.046596799046
0.046669367701
0.046775046736
0.046912197024
0.047080520540
0.047279063612
0.047508362681
0.047766391188
0.048053596169
0.048368547112
0.048711393028
0.049080643803
0.049476686865
0.049897167832
0.050342831761
0.050813112408
0.051305834204
0.051821444184
0.052358631045
0.052916530520
0.053494427353
0.054091844708
0.054707113653
0.055340204388
0.055989209563
0.056653682142
0.057332340628
0.058025363833
0.058730158955
0.044207695872
0.025009784847
0.017300549895
0.014495465904
0.013553831726
0.013230208308
0.013057444245
0.012881133705
0.012663904577
0.012405548245
0.012121621519
0.011824313551
0.011526498944
0.011236522347
0.010961417109
0.010704789311
0.010468367487
0.010253135115
0.010059211403
0.009886655957
0.009734544903
0.009600404650
0.009485546499
0.009387139231
0.009304676205
0.009237352759
0.009184543043
0.009144041687
0.009117130190
0.009102288634
0.009099129587
0.009106639773
0.009125564247
0.009154889733
0.009194377810
0.009243849665
0.009303543717
0.009373549372
0.009452227503
0.009540740401
0.009638968855
0.009746465832
0.009863529354
0.009989950806
0.010125551373
0.010271016508
0.010424558073
0.010588679463
0.010761771351
0.010944399983
0.011136773974
0.011337760836
0.011548969895
0.011769358069
0.011999551207
0.012239430100
0.012488577515
0.012747589499
0.013016853482
0.013295415789
0.013583753258
0.013882134110
0.014189843088
0.014507833868
0.348540276289
0.294180601835
0.260643571615
0.241153508425
0.230493992567
0.225082010031
0.222589731216
0.221567422152
0.221150368452
0.220852822065
0.220431476831
0.219788283110
0.218905836344
0.217811942101
0.216551572084
0.215176343918
0.213732212782
0.212261945009
0.210799634457
0.209371834993
0.207998812199
0.206696927547
0.205476105213
0.204343110323
0.203304022551
0.202360332012
0.201512455940
0.200760900974
0.200105875731
0.199544101954
0.199074804783
0.198696017265
0.198405593634
0.198200851679
0.198080152273
0.198041945696
0.198083519936
0.198204189539
0.198401510715
0.198674649000
0.199022620916
0.199443608522
0.199936807156
0.200501412153
0.201136708260
0.201842218637
0.202618181705
0.203463703394
0.204378604889
0.205363392830
0.206416845322
0.207540661097
0.208734512329
0.209998905659
0.211333543062
0.212740540504
0.214218229055
0.215769201517
0.217393428087
0.219091415405
0.220863729715
0.222711741924
0.224635779858
0.226637423038
0.222352474928
0.186183750629
0.165098220110
0.153425157070
0.147389680147
0.144583821297
0.143498331308
0.143212258816
0.143182188272
0.143114835024
0.142872720957
0.142413169146
0.141745716333
0.140908390284
0.139946520329
0.138906598091
0.137832194567
0.136757254601
0.135712504387
0.134717106819
0.133788615465
0.132937848568
0.132174849510
0.131501495838
0.130921006203
0.130434483290
0.130040436983
0.129737198353
0.129522860050
0.129394322634
0.129347413778
0.129380017519
0.129487931728
0.129667222500
0.129913777113
0.130225449800
0.130597203970
0.131026357412
0.131508708000
0.132041573524
0.132621407509
0.133245319128
0.133910715580
0.134613513947
0.135352462530
0.136123716831
0.136925488710
0.137756317854
0.138611853123
0.139491260052
0.140392959118
0.141315340996
0.142255663872
0.143212348223
0.144184648991
0.145171135664
0.146169364452
0.147180110216
0.148201048374
0.149231284857
0.150270253420
0.151317209005
0.152370452881
0.153430014849
0.048903170973
0.029714886099
0.021633330733
0.018419597298
0.017165306956
0.016642931849
0.016362879425
0.016140583903
0.015911761671
0.015662137419
0.015392694622
0.015110883862
0.014826569706
0.014546576887
0.014275882393
0.014019910246
0.013781253248
0.013560596853
0.013358835131
0.013177249581
0.013014022261
0.012869928032
0.012743357569
0.012632969767
0.012539271265
0.012460831553
0.012396965176
0.012347195297
0.012310300022
0.012286428362
0.012275252491
0.012275759131
0.012287382036
0.012311223894
0.012344811112
0.012389693409
0.012445483357
0.012511286885
0.012587461621
0.012673471123
0.012770239264
0.012876871973
0.012993130833
0.013119403273
0.013255957514
0.013401810080
0.013558391482
0.013724450022
0.013900611550
0.014086011797
0.014281664044
0.014487687498
0.014703396708
0.014929030091
0.015164885670
0.015410277992
0.015666011721
0.015931699425
0.016207788140
0.016493026167
0.016789142042
0.017095539719
0.017412070185
0.017738107592
0.189876258373
0.157904893160
0.139501750469
0.129429131746
0.124296635389
0.121974408627
0.121137827635
0.120979160070
0.121023625135
0.121014177799
0.120832502842
0.120442748070
0.119857370853
0.119110047817
0.118244796991
0.117305278778
0.116331011057
0.115354031324
0.114402085543
0.113496363163
0.112651765347
0.111878424883
0.111186504364
0.110579043627
0.110059142113
0.109628379345
0.109286069870
0.109031260014
0.108862578869
0.108776897192
0.108772695065
0.108845561743
0.108993679285
0.109212607145
0.109501123428
0.109854519367
0.110268384218
0.110740572214
0.111268848181
0.111847490072
0.112475723028
0.113148450851
0.113863438368
0.114618510008
0.115408629179
0.116232305765
0.117086827755
0.117969274521
0.118876814842
0.119806498289
0.120757341385
0.121725529432
0.122710049152
0.123708307743
0.124717980623
0.125737488270
0.126765221357
0.127799212933
0.128838062286
0.129880398512
0.130924433470
0.131968975067
0.133013129234
0.134055972099
0.125264465809
0.100652813911
0.086966484785
0.079650521278
0.075975120068
0.074325263500
0.073735237122
0.073630213737
0.073676109314
0.073692709208
0.073593854904
0.073351979256
0.072971820831
0.072475522757
0.071890294552
0.071244120598
0.070564001799
0.069872230291
0.069185674191
0.068519294262
0.067884832621
0.067290365696
0.066741585732
0.066242277622
0.065796077251
0.065404266119
0.065067112446
0.064786076546
0.064560502768
0.064390212297
0.064274370670
0.064211428165
0.064201623201
0.064243525267
0.064335525036
0.064476966858
0.064666152000
0.064901858568
0.065183639526
0.065509140491
0.065877109766
0.066286921501
0.066736102104
0.067223995924
0.067749381065
0.068310469389
0.068904548883
0.069531947374
0.070189803839
0.070876985788
0.071592539549
0.072333782911
0.073099851608
0.073888480663
0.074698388577
0.075528234243
0.076375633478
0.077239274979
0.078118175268
0.079009115696
0.079912006855
0.080824822187
0.081744849682
0.082671880722
0.183745205402
0.152525275946
0.134599328041
0.124809056520
0.119832247496
0.117590606213
0.116793245077
0.116652071476
0.116706728935
0.116706937551
0.116536647081
0.116160690784
0.115591824055
0.114863425493
0.114018946886
0.113100141287
0.112146019936
0.111188948154
0.110255450010
0.109365284443
0.108534663916
0.107774436474
0.107092618942
0.106493681669
0.105980783701
0.105554670095
0.105215609074
0.104962021112
0.104794144630
0.104708284140
0.104702472687
0.104773283005
0.104918688536
0.105135262012
0.105419903994
0.105768978596
0.106179982424
0.106649756432
0.107174307108
0.107751190662
0.108376801014
0.109047830105
0.109762340784
0.110515683889
0.111306399107
0.112130880356
0.112986266613
0.113870769739
0.114779084921
0.115712791681
0.116666197777
0.117638170719
0.118626654148
0.119628638029
0.120642572641
0.121666401625
0.122698217630
0.123736411333
0.124778985977
0.125824898481
0.126872628927
0.127920091152
0.128966748714
0.130010843277
0.215604662895
0.180339425802
0.159832954407
0.148508340120
0.142672121525
0.139973670244
0.138945519924
0.138689041138
0.138677448034
0.138623118401
0.138393193483
0.137947380543
0.137296438217
0.136476159096
0.135533124208
0.134514331818
0.133460074663
0.132405489683
0.131379842758
0.130404442549
0.129494816065
0.128663241863
0.127917021513
0.127260386944
0.126696139574
0.126225858927
0.125847458839
0.125560194254
0.125360339880
0.125247478485
0.125215172768
0.125263333321
0.125385522842
0.125580161810
0.125842690468
0.126169532537
0.126557111740
0.127001583576
0.127500146627
0.128049403429
0.128645509481
0.129285007715
0.129966557026
0.130685240030
0.131439536810
0.132226139307
0.133043408394
0.133887469769
0.134757250547
0.135649621487
0.136563330889
0.137496411800
0.138446092606
0.139411598444
0.140391647816
0.141383707523
0.142387360334
0.143400549889
0.144421815872
0.145452022552
0.146487385035
0.147528707981
0.148575991392
0.149625808001
0.286578267813
0.241230070591
0.214066863060
0.198664039373
0.190455615520
0.186436980963
0.184697329998
0.184062123299
0.183835744858
0.183639466763
0.183285832405
0.182709246874
0.181908935308
0.180919885635
0.179789036512
0.178564906120
0.177292943001
0.176011294127
0.174751490355
0.173536419868
0.172385096550
0.171309411526
0.170318603516
0.169417291880
0.168609052896
0.167893856764
0.167271554470
0.166740924120
0.166300207376
0.165946066380
0.165675699711
0.165485858917
0.165373861790
0.165336817503
0.165370851755
0.165472865105
0.165640771389
0.165871918201
0.166162550449
0.166511923075
0.166916221380
0.167374104261
0.167883455753
0.168442934752
0.169050633907
0.169704586267
0.170403808355
0.171147316694
0.171934783459
0.172763615847
0.173633813858
0.174544602633
0.175494730473
0.176484435797
0.177512645721
0.178579509258
0.179684966803
0.180827528238
0.182008951902
0.183227002621
0.184482961893
0.185776352882
0.187107205391
0.188475847244
0.061767999083
0.042378429323
0.033294979483
0.029087457806
0.027121398598
0.026177112013
0.025691542774
0.025400493294
0.025178078562
0.024966929108
0.024742487818
0.024499628693
0.024239245802
0.023967538029
0.023690078408
0.023414496332
0.023145172745
0.022886011750
0.022640112787
0.022409263998
0.022195819765
0.022000286728
0.021821979433
0.021661851555
0.021518204361
0.021393183619
0.021284941584
0.021193388849
0.021118227392
0.021058265120
0.021014068276
0.020985189825
0.020970348269
0.020970199257
0.020984414965
0.021012548357
0.021053228527
0.021108660847
0.021176788956
0.021257910877
0.021352026612
0.021458927542
0.021579090506
0.021711591631
0.021856490523
0.022014681250
0.022184703499
0.022366795689
0.022561285645
0.022768024355
0.022987667471
0.023219231516
0.023462746292
0.023718181998
0.023985806853
0.024265203625
0.024556968361
0.024859998375
0.025174979120
0.025501284748
0.025839451700
0.026189241558
0.026550356299
0.026922676712
0.460652709007
0.392814308405
0.348498553038
0.321536779404
0.306150615215
0.297948420048
0.293915241957
0.292101323605
0.291314393282
0.290862530470
0.290380507708
0.289697498083
0.288761287928
0.287579536438
0.286194175482
0.284654617310
0.283012270927
0.281314194202
0.279600381851
0.277903437614
0.276249170303
0.274657517672
0.273144155741
0.271719396114
0.270391821861
0.269168168306
0.268049031496
0.267039477825
0.266140311956
0.265351980925
0.264673531055
0.264106571674
0.263649731874
0.263303637505
0.263065934181
0.262937635183
0.262918710709
0.263007819653
0.263205677271
0.263512104750
0.263926535845
0.264450967312
0.265084534883
0.265828609467
0.266683578491
0.267651677132
0.268732964993
0.269928693771
0.271241307259
0.272670984268
0.274221658707
0.275894671679
0.277690857649
0.279614210129
0.281666696072
0.283851116896
0.286169499159
0.288625538349
0.291221678257
0.293962538242
0.296849071980
0.299886375666
0.303076952696
0.306424736977
0.098569720984
0.076637238264
0.064825713634
0.058623407036
0.055498275906
0.054037813097
0.053440544754
0.053245756775
0.053193572909
0.053142640740
0.053026948124
0.052820984274
0.052525166422
0.052152726799
0.051721516997
0.051250729710
0.050755891949
0.050252590328
0.049753222615
0.049265895039
0.048799190670
0.048358503729
0.047946784645
0.047566983849
0.047220949084
0.046909634024
0.046634677798
0.046395275742
0.046192172915
0.046023759991
0.045891080052
0.045793566853
0.045730028301
0.045700583607
0.045704875141
0.045740727335
0.045809600502
0.045910153538
0.046041969210
0.046204213053
0.046396050602
0.046617332846
0.046867523342
0.047146055847
0.047451648861
0.047784212977
0.048143628985
0.048528168350
0.048938129097
0.049371901900
0.049829695374
0.050310436636
0.050813857466
0.051337812096
0.051883164793
0.052448306233
0.053032401949
0.053634706885
0.054254058748
0.054890040308
0.055541191250
0.056206677109
0.056885723025
0.057578358799
0.295485138893
0.248820036650
0.220753610134
0.204782456160
0.196238368750
0.192029625177
0.190187245607
0.189497321844
0.189243257046
0.189029574394
0.188663184643
0.188073366880
0.187258183956
0.186250954866
0.185098767281
0.183849990368
0.182550966740
0.181240618229
0.179948955774
0.178702145815
0.177516341209
0.176405996084
0.175380200148
0.174443006516
0.173599183559
0.172848343849
0.172190368176
0.171625137329
0.171149432659
0.170761018991
0.170457929373
0.170235812664
0.170093089342
0.170025527477
0.170030564070
0.170106172562
0.170249134302
0.170456290245
0.170725584030
0.171055018902
0.171443134546
0.171886116266
0.172383666039
0.172934204340
0.173534929752
0.174185901880
0.174885988235
0.175632447004
0.176425606012
0.177264899015
0.178148925304
0.179077595472
0.180049866438
0.181065618992
0.182124704123
0.183226853609
0.184371262789
0.185557961464
0.186788082123
0.188060611486
0.189375162125
0.190733253956
0.192133605480
0.193577259779
0.167823463678
0.138497412205
0.121773511171
0.112689822912
0.108098685741
0.106050193310
0.105339407921
0.105235815048
0.105310082436
0.105328768492
0.105185389519
0.104847043753
0.104324758053
0.103650659323
0.102863460779
0.102003663778
0.101107031107
0.100205630064
0.099322915077
0.098478585482
0.097686439753
0.096959024668
0.096302837133
0.095723032951
0.095223069191
0.094802945852
0.094464182854
0.094207286835
0.094029933214
0.093930125237
0.093907266855
0.093957841396
0.094080418348
0.094272464514
0.094529420137
0.094850748777
0.095233410597
0.095673382282
0.096169173717
0.096716731787
0.097313761711
0.097958624363
0.098646819592
0.099376052618
0.100143820047
0.100947439671
0.101783752441
0.102650374174
0.103545039892
0.104464948177
0.105407327414
0.106370508671
0.107351362705
0.108347594738
0.109357476234
0.110379308462
0.111409604549
0.112447440624
0.113491535187
0.114538729191
0.115587532520
0.116638094187
0.117686808109
0.118733257055
0.195155531168
0.162527471781
0.143706738949
0.133386522532
0.128116279840
0.125721573830
0.124849230051
0.124672979116
0.124707341194
0.124689787626
0.124498933554
0.124096930027
0.123497366905
0.122734278440
0.121852606535
0.120895445347
0.119903683662
0.118910908699
0.117943823338
0.117023676634
0.116166234016
0.115382999182
0.114681124687
0.114065498114
0.113538682461
0.113102644682
0.112755656242
0.112497478724
0.112326681614
0.112238854170
0.112233459949
0.112305551767
0.112453281879
0.112672030926
0.112959802151
0.113312810659
0.113726437092
0.114198982716
0.114725261927
0.115303277969
0.115929365158
0.116600304842
0.117313086987
0.118064910173
0.118852585554
0.119672864676
0.120522648096
0.121401101351
0.122303903103
0.123229563236
0.124174475670
0.125137865543
0.126117616892
0.127109795809
0.128114551306
0.129129350185
0.130152612925
0.131181746721
0.132216215134
0.133255034685
0.134296596050
0.135338783264
0.136381447315
0.137422978878
0.051120404154
0.031924311072
0.023668292910
0.020269993693
0.018878135830
0.018270079046
0.017946068197
0.017705503851
0.017474386841
0.017228964716
0.016966614872
0.016692969948
0.016413781792
0.016136948019
0.015867237002
0.015610847622
0.015368256718
0.015143755823
0.014936868101
0.014749441296
0.014579925686
0.014428798109
0.014295104891
0.014178607613
0.014078233391
0.013993296772
0.013923410326
0.013868246228
0.013825956732
0.013796750456
0.013781044632
0.013776872307
0.013785604388
0.013804558665
0.013836238533
0.013878587633
0.013931248337
0.013994816691
0.014070097357
0.014155093580
0.014250848442
0.014356765896
0.014473263174
0.014599654824
0.014736834913
0.014883819968
0.015041235834
0.015208963305
0.015387509018
0.015574906021
0.015773091465
0.015982005745
0.016200516373
0.016429368407
0.016668502241
0.016918126494
0.017177764326
0.017447385937
0.017728153616
0.018018785864
0.018319848925
0.018630925566
0.018951807171
0.019283685833
0.126368492842
0.101640582085
0.087876915932
0.080515384674
0.076818913221
0.075160473585
0.074569314718
0.074466466904
0.074515104294
0.074532628059
0.074433833361
0.074190437794
0.073806494474
0.073305070400
0.072712898254
0.072061181068
0.071373313665
0.070674061775
0.069981127977
0.069309055805
0.068668931723
0.068069219589
0.067516356707
0.067013472319
0.066564142704
0.066169530153
0.065832406282
0.065550625324
0.065325677395
0.065156400204
0.065042614937
0.064983248711
0.064976572990
0.065022498369
0.065119326115
0.065265834332
0.065461307764
0.065703839064
0.065992355347
0.066325008869
0.066701203585
0.067118674517
0.067576348782
0.068073302507
0.068607449532
0.069176703691
0.069781750441
0.070417404175
0.071085751057
0.071782290936
0.072507381439
0.073258250952
0.074034005404
0.074832022190
0.075651526451
0.076489806175
0.077346891165
0.078219681978
0.079106420279
0.080006152391
0.080916792154
0.081836491823
0.082764446735
0.083698570728
0.417603701353
0.354355514050
0.313953906298
0.289814442396
0.276264876127
0.269174337387
0.265772193670
0.264293581247
0.263670086861
0.263292044401
0.262841016054
0.262175142765
0.261256903410
0.260104238987
0.258760094643
0.257273286581
0.255696445704
0.254073977470
0.252444326878
0.250837713480
0.249278038740
0.247784376144
0.246370494366
0.245045393705
0.243816107512
0.242687642574
0.241661995649
0.240741103888
0.239925503731
0.239214986563
0.238608956337
0.238106638193
0.237707763910
0.237410247326
0.237213522196
0.237117350101
0.237119883299
0.237220168114
0.237418293953
0.237713575363
0.238106369972
0.238594472408
0.239179730415
0.239861220121
0.240640252829
0.241515755653
0.242489218712
0.243561059237
0.244731724262
0.246002912521
0.247376084328
0.248850941658
0.250428646803
0.252112895250
0.253902733326
0.255802094936
0.257809996605
0.259930789471
0.262164562941
0.264514446259
0.266981422901
0.269568085670
0.272276133299
0.275108397007
0.259938865900
0.218496590853
0.193962454796
0.180191785097
0.172943949699
0.169464975595
0.168018817902
0.167538195848
0.167397677898
0.167254596949
0.166943550110
0.166411072016
0.165662169456
0.164732307196
0.163668632507
0.162520200014
0.161331057549
0.160137593746
0.158970922232
0.157852828503
0.156800955534
0.155827403069
0.154939949512
0.154142707586
0.153439640999
0.152829647064
0.152313292027
0.151888459921
0.151551395655
0.151300281286
0.151131629944
0.151042252779
0.151028156281
0.151086270809
0.151213258505
0.151405036449
0.151658236980
0.151971936226
0.152339428663
0.152760505676
0.153231799603
0.153750956059
0.154315084219
0.154922395945
0.155570566654
0.156256884336
0.156981021166
0.157740592957
0.158533960581
0.159359872341
0.160217493773
0.161105066538
0.162021428347
0.162965208292
0.163937062025
0.164934545755
0.165957897902
0.167005896568
0.168079108000
0.169176191092
0.170296669006
0.171440958977
0.172607153654
0.173797190189
0.080522596836
0.060118440539
0.049614254385
0.044272515923
0.041600797325
0.040310624987
0.039715174586
0.039445791394
0.039299521595
0.039172384888
0.039013776928
0.038804028183
0.038543287665
0.038238707930
0.037902418524
0.037544522434
0.037176672369
0.036808494478
0.036446336657
0.036096516997
0.035762999207
0.035448197275
0.035155896097
0.034886691719
0.034641657025
0.034420344979
0.034223560244
0.034051243216
0.033903542906
0.033779267222
0.033679608256
0.033602718264
0.033548984677
0.033517424017
0.033509198576
0.033521745354
0.033557150513
0.033612851053
0.033689741045
0.033787224442
0.033905480057
0.034043613821
0.034201864153
0.034379724413
0.034576598555
0.034793648869
0.035028729588
0.035281930119
0.035554055125
0.035844597965
0.036152753979
0.036478195339
0.036821071059
0.037180189043
0.037556353956
0.037949118763
0.038357589394
0.038781914860
0.039220724255
0.039674494416
0.040143702179
0.040625605732
0.041121426970
0.041630122811
0.292279839516
0.246087789536
0.218347698450
0.202582389116
0.194159835577
0.190020143986
0.188215404749
0.187545269728
0.187300950289
0.187092870474
0.186731219292
0.186146795750
0.185336619616
0.184336215258
0.183190941811
0.181950926781
0.180661499500
0.179361373186
0.178081125021
0.176845610142
0.175672560930
0.174574583769
0.173561573029
0.172637134790
0.171805679798
0.171067833900
0.170423299074
0.169870078564
0.169406920671
0.169030308723
0.168739080429
0.168527871370
0.168396174908
0.168339639902
0.168354809284
0.168439626694
0.168591320515
0.168807029724
0.169083863497
0.169420391321
0.169813781977
0.170261681080
0.170763462782
0.171316176653
0.171919494867
0.172571033239
0.173269659281
0.174015551805
0.174805730581
0.175640583038
0.176518887281
0.177440434694
0.178404092789
0.179410636425
0.180457353592
0.181546121836
0.182675957680
0.183846563101
0.185058116913
0.186310052872
0.187602877617
0.188936889172
0.190311640501
0.191727459431
0.275439709425
0.231733053923
0.205684185028
0.190976768732
0.183179110289
0.179392099380
0.177778095007
0.177208513021
0.177019119263
0.176843822002
0.176507622004
0.175947993994
0.175168842077
0.174203276634
0.173100024462
0.171907246113
0.170669555664
0.169425219297
0.168204098940
0.167029857635
0.165921300650
0.164888411760
0.163941979408
0.163085132837
0.162321120501
0.161650478840
0.161073356867
0.160587012768
0.160190016031
0.159878939390
0.159650772810
0.159503430128
0.159431785345
0.159433960915
0.159505218267
0.159643918276
0.159845918417
0.160109788179
0.160431027412
0.160807341337
0.161237627268
0.161718338728
0.162247180939
0.162822902203
0.163443773985
0.164108008146
0.164813697338
0.165558993816
0.166344195604
0.167166858912
0.168025910854
0.168920964003
0.169851690531
0.170815885067
0.171814620495
0.172846049070
0.173910379410
0.175006419420
0.176134705544
0.177294909954
0.178486704826
0.179709345102
0.180963695049
0.182249039412
0.166939735413
0.137715727091
0.121057510376
0.112012028694
0.107441544533
0.105402559042
0.104696989059
0.104594349861
0.104669481516
0.104689061642
0.104547053576
0.104210734367
0.103691339493
0.103020280600
0.102236062288
0.101380467415
0.100487828255
0.099589049816
0.098709225655
0.097867935896
0.097078174353
0.096352577209
0.095697730780
0.095119118690
0.094619303942
0.094200015068
0.093861371279
0.093603700399
0.093425363302
0.093324720860
0.093299865723
0.093349009752
0.093469977379
0.093658924103
0.093914598227
0.094232857227
0.094612747431
0.095050722361
0.095543801785
0.096088945866
0.096683770418
0.097325265408
0.098011374474
0.098737984896
0.099503189325
0.100304365158
0.101139158010
0.102004230022
0.102896749973
0.103814452887
0.104755610228
0.105717301369
0.106696277857
0.107691705227
0.108700871468
0.109721362591
0.110750794411
0.111788421869
0.112831562757
0.113878339529
0.114927321672
0.115976721048
0.117025375366
0.118071258068
0.159966707230
0.131547093391
0.115399420261
0.106651782990
0.102241575718
0.100278824568
0.099604278803
0.099512428045
0.099590957165
0.099615991116
0.099485307932
0.099165588617
0.098667472601
0.098021805286
0.097266882658
0.096439540386
0.095576137304
0.094705581665
0.093849927187
0.093030780554
0.092261195183
0.091550737619
0.090908288956
0.090338200331
0.089843183756
0.089425027370
0.089084684849
0.088822007179
0.088635563850
0.088524073362
0.088486433029
0.088520228863
0.088623553514
0.088793992996
0.089029252529
0.089326918125
0.089683592319
0.090098828077
0.090567350388
0.091089010239
0.091660350561
0.092277675867
0.092939823866
0.093643665314
0.094386428595
0.095165938139
0.095978438854
0.096823185682
0.097697079182
0.098596781492
0.099521607161
0.100466519594
0.101431101561
0.102413177490
0.103409618139
0.104418963194
0.105439573526
0.106467902660
0.107503712177
0.108543276787
0.109586685896
0.110631465912
0.111675679684
0.112718284130
0.046929273754
0.027741435915
0.019814584404
0.016769919544
0.015644256026
0.015202317387
0.014965299517
0.014761123806
0.014536444098
0.014282766730
0.014006260782
0.013719025999
0.013428989798
0.013144794852
0.012873355299
0.012617144734
0.012379709631
0.012162242085
0.011964771897
0.011786643416
0.011628661305
0.011489365250
0.011368427426
0.011263553053
0.011174980551
0.011101905257
0.011042658240
0.010997358710
0.010965142399
0.010944966227
0.010937485844
0.010941419750
0.010956201702
0.010982099921
0.011018726975
0.011066231877
0.011123333126
0.011191550642
0.011268470436
0.011355672032
0.011453453451
0.011559579521
0.011676613241
0.011803004891
0.011938873678
0.012085024267
0.012239996344
0.012404892594
0.012579713017
0.012763325125
0.012957755476
0.013160649687
0.013375017792
0.013597402722
0.013831052929
0.014074061066
0.014326546341
0.014589253813
0.014861021191
0.015143904835
0.015436384827
0.015738699585
0.016051385552
0.016373757273
0.058280203491
0.038985792547
0.030172262341
0.026215229183
0.024421010166
0.023574117571
0.023131642491
0.022851202637
0.022622201592
0.022398207337
0.022161070257
0.021908376366
0.021643433720
0.021371696144
0.021099660546
0.020832810551
0.020574841648
0.020329836756
0.020099047571
0.019885096699
0.019688371569
0.019509408623
0.019347283989
0.019203428179
0.019076529890
0.018966082484
0.018871787935
0.018793825060
0.018730286509
0.018681380898
0.018647674471
0.018627051264
0.018620733172
0.018627617508
0.018647257239
0.018679622561
0.018724594265
0.018781874329
0.018852833658
0.018934551626
0.019028607756
0.019134614617
0.019252363592
0.019381795079
0.019522670656
0.019675884396
0.019840482622
0.020016226918
0.020203564316
0.020402971655
0.020613554865
0.020835075527
0.021069113165
0.021313432604
0.021569553763
0.021836403757
0.022115055472
0.022404555231
0.022705946118
0.023017708212
0.023340974003
0.023674849421
0.024019721895
0.024376485497
0.249591350555
0.209637284279
0.186086446047
0.172920227051
0.166023492813
0.162740826607
0.161400347948
0.160976916552
0.160868674517
0.160746008158
0.160453855991
0.159940689802
0.159212827682
0.158307313919
0.157271534204
0.156152874231
0.154995590448
0.153835982084
0.152703911066
0.151622593403
0.150607407093
0.149670809507
0.148820757866
0.148062288761
0.147397130728
0.146825909615
0.146347343922
0.145960181952
0.145662188530
0.145449042320
0.145319133997
0.145267486572
0.145291417837
0.145386785269
0.145549416542
0.145776927471
0.146066308022
0.146412432194
0.146813631058
0.147266596556
0.147768467665
0.148315757513
0.148907035589
0.149539262056
0.150210589170
0.150917440653
0.151659756899
0.152434587479
0.153240770102
0.154076218605
0.154939919710
0.155830144882
0.156745463610
0.157685309649
0.158648073673
0.159633606672
0.160640001297
0.161667376757
0.162715286016
0.163781940937
0.164867609739
0.165971457958
0.167093634605
0.168233484030
0.164741337299
0.135772526264
0.119275927544
0.110325306654
0.105805724859
0.103791445494
0.103095531464
0.102997213602
0.103073537350
0.103094875813
0.102956354618
0.102625370026
0.102112412453
0.101449757814
0.100674420595
0.099827438593
0.098943948746
0.098053395748
0.097181677818
0.096346318722
0.095563143492
0.094842493534
0.094191312790
0.093614488840
0.093116492033
0.092697888613
0.092358738184
0.092099756002
0.091918885708
0.091815471649
0.091786384583
0.091831296682
0.091946691275
0.092130720615
0.092380195856
0.092692613602
0.093066155910
0.093496918678
0.093983352184
0.094521492720
0.095109730959
0.095744341612
0.096423625946
0.097144186497
0.097902953625
0.098698109388
0.099526315928
0.100386500359
0.101273745298
0.102186769247
0.103123039007
0.104080170393
0.105055958033
0.106047987938
0.107053756714
0.108071416616
0.109098881483
0.110134005547
0.111175507307
0.112220704556
0.113268762827
0.114316940308
0.115364402533
0.116409868002
0.185619652271
0.154171198606
0.136100381613
0.126224756241
0.121200323105
0.118934005499
0.118124961853
0.117978692055
0.118030488491
0.118027895689
0.117853820324
0.117474377155
0.116900026798
0.116165727377
0.115314602852
0.114389330149
0.113429278135
0.112466126680
0.111526846886
0.110632002354
0.109796881676
0.109033077955
0.108347654343
0.107746481895
0.107231706381
0.106804102659
0.106463998556
0.106210649014
0.106042325497
0.105957031250
0.105951607227
0.106023728848
0.106170862913
0.106388658285
0.106674522161
0.107025206089
0.107438087463
0.107908755541
0.108434498310
0.109012514353
0.109638988972
0.110311686993
0.111026376486
0.111781001091
0.112572431564
0.113396674395
0.114252477884
0.115135878325
0.116045206785
0.116977751255
0.117930531502
0.118902593851
0.119889497757
0.120890051126
0.121903717518
0.122925937176
0.123956978321
0.124994128942
0.126036256552
0.127080768347
0.128127485514
0.129174411297
0.130219638348
0.131263017654
0.076194018126
0.056090120226
0.045908633620
0.040799859911
0.038264278322
0.037031684071
0.036447498947
0.036163959652
0.035996649414
0.035849455744
0.035676751286
0.035462174565
0.035204742104
0.034912589937
0.034593734890
0.034259650856
0.033919040114
0.033579740673
0.033248070627
0.032929811627
0.032627318054
0.032343272120
0.032079253346
0.031837198883
0.031617585570
0.031419429928
0.031243655831
0.031089935452
0.030958924443
0.030849311501
0.030761692673
0.030694488436
0.030648712069
0.030622188002
0.030616287142
0.030629906803
0.030663464218
0.030715320259
0.030786786228
0.030876342207
0.030985299498
0.031111661345
0.031256053597
0.031417999417
0.031597737223
0.031794521958
0.032008800656
0.032240185887
0.032488051802
0.032752547413
0.033033493906
0.033330354840
0.033643160015
0.033971939236
0.034316126257
0.034675512463
0.035049710423
0.035438213497
0.035841885954
0.036259446293
0.036690149456
0.037135127932
0.037592653185
0.038063500077
0.049149487168
0.029960665852
0.021860513836
0.018625382334
0.017355177552
0.016823682934
0.016538325697
0.016313675791
0.016084555537
0.015835557133
0.015566322953
0.015285972506
0.015002254397
0.014722470194
0.014451805502
0.014196101576
0.013956639916
0.013736013323
0.013533953577
0.013351652771
0.013187620789
0.013043019921
0.012915316969
0.012804333121
0.012710098177
0.012630674988
0.012565974146
0.012515936047
0.012478921562
0.012454185635
0.012442562729
0.012442354113
0.012454394251
0.012476328760
0.012510720640
0.012554887682
0.012610409409
0.012676630169
0.012751732022
0.012838575989
0.012935165316
0.013040903956
0.013157669455
0.013283584267
0.013420645148
0.013566497713
0.013722900301
0.013889286667
0.014065299183
0.014251653105
0.014447454363
0.014653418213
0.014869693667
0.015095923096
0.015331480652
0.015577379614
0.015833858401
0.016099784523
0.016375694424
0.016662601382
0.016959313303
0.017265859991
0.017582450062
0.017909470946
0.100755810738
0.078617781401
0.066650360823
0.060352627188
0.057179931551
0.055703673512
0.055107895285
0.054922316223
0.054880563170
0.054837945849
0.054724637419
0.054517302662
0.054215792567
0.053833995014
0.053390268236
0.052904162556
0.052393559366
0.051873836666
0.051357988268
0.050854209810
0.050371918827
0.049916598946
0.049491140991
0.049099151045
0.048742387444
0.048422548920
0.048139188439
0.047893706709
0.047685448080
0.047514680773
0.047380570322
0.047282848507
0.047221366316
0.047194514424
0.047202739865
0.047244880348
0.047321591526
0.047430220991
0.047571901232
0.047745052725
0.047948662192
0.048183772713
0.048447970301
0.048742238432
0.049063894898
0.049414280802
0.049792025238
0.050195250660
0.050625357777
0.051079813391
0.051558677107
0.052061263472
0.052585754544
0.053132805973
0.053700868040
0.054288540035
0.054895404726
0.055521223694
0.056164119393
0.056823316962
0.057497445494
0.058186803013
0.058889064938
0.059603486210
0.104904532433
0.082367002964
0.070106744766
0.063631057739
0.060369733721
0.058864388615
0.058271322399
0.058102611452
0.058079931885
0.058050606400
0.057942960411
0.057732287794
0.057418737561
0.057017896324
0.056550119072
0.056035939604
0.055495265871
0.054944429547
0.054397288710
0.053863380104
0.053352568299
0.052869353443
0.052419546992
0.052005473524
0.051629874855
0.051293347031
0.050996784121
0.050740871578
0.050525341183
0.050350639969
0.050214920193
0.050118569285
0.050061348826
0.050042364746
0.050060603768
0.050115648657
0.050206903368
0.050334129483
0.050495509058
0.050691220909
0.050920579582
0.051182065159
0.051475081593
0.051800224930
0.052155081183
0.052538547665
0.052952352911
0.053392950445
0.053861442953
0.054355476052
0.054874751717
0.055418912321
0.055986408144
0.056576434523
0.057187590748
0.057819429785
0.058470729738
0.059140000492
0.059826944023
0.060530040413
0.061248574406
0.061980161816
0.062724918127
0.063481599092
0.278499394655
0.234343081713
0.207990229130
0.193093031645
0.185184210539
0.181333899498
0.179686099291
0.179098129272
0.178898304701
0.178717255592
0.178375750780
0.177811950445
0.177026897669
0.176054835320
0.174943745136
0.173742353916
0.172495067120
0.171240687370
0.170008897781
0.168823748827
0.167703092098
0.166658937931
0.165700078011
0.164830863476
0.164055168629
0.163372248411
0.162782698870
0.162284195423
0.161874532700
0.161551892757
0.161312282085
0.161153018475
0.161070019007
0.161061108112
0.161122232676
0.161250740290
0.161443203688
0.161696940660
0.162010103464
0.162378519773
0.162800788879
0.163275092840
0.163798213005
0.164369344711
0.164985835552
0.165646255016
0.166349887848
0.167093992233
0.167879134417
0.168702244759
0.169563978910
0.170462459326
0.171397477388
0.172368079424
0.173374027014
0.174414545298
0.175488740206
0.176596939564
0.177738130093
0.178914010525
0.180121332407
0.181362718344
0.182637125254
0.183943867683
0.126368492842
0.101640582085
0.087876915932
0.080515384674
0.076818913221
0.075160473585
0.074569314718
0.074466466904
0.074515104294
0.074532628059
0.074433833361
0.074190437794
0.073806494474
0.073305070400
0.072712898254
0.072061181068
0.071373313665
0.070674061775
0.069981127977
0.069309055805
0.068668931723
0.068069219589
0.067516356707
0.067013472319
0.066564142704
0.066169530153
0.065832406282
0.065550625324
0.065325677395
0.065156400204
0.065042614937
0.064983248711
0.064976572990
0.065022498369
0.065119326115
0.065265834332
0.065461307764
0.065703839064
0.065992355347
0.066325008869
0.066701203585
0.067118674517
0.067576348782
0.068073302507
0.068607449532
0.069176703691
0.069781750441
0.070417404175
0.071085751057
0.071782290936
0.072507381439
0.073258250952
0.074034005404
0.074832022190
0.075651526451
0.076489806175
0.077346891165
0.078219681978
0.079106420279
0.080006152391
0.080916792154
0.081836491823
0.082764446735
0.083698570728
0.229233443737
0.192129522562
0.170438826084
0.158401578665
0.152157604694
0.149236530066
0.148091167212
0.147772341967
0.147723883390
0.147642910480
0.147387534380
0.146913707256
0.146230727434
0.145375549793
0.144394576550
0.143335193396
0.142239779234
0.141144365072
0.140077501535
0.139061987400
0.138113617897
0.137243747711
0.136460185051
0.135767817497
0.135168492794
0.134663373232
0.134250760078
0.133929878473
0.133697241545
0.133550345898
0.133486032486
0.133500516415
0.133590131998
0.133750587702
0.133979201317
0.134272366762
0.134626001120
0.135035991669
0.135499775410
0.136014044285
0.136575907469
0.137181311846
0.137828886509
0.138514250517
0.139236092567
0.139990746975
0.140777021646
0.141592025757
0.142434567213
0.143301457167
0.144190996885
0.145102530718
0.146033883095
0.146983504295
0.147949248552
0.148931473494
0.149927854538
0.150938421488
0.151960611343
0.152994781733
0.154039978981
0.155094653368
0.156159877777
0.157232791185
0.051613155752
0.032413844019
0.024119351059
0.020680431277
0.019258741289
0.018632445484
0.018298778683
0.018055204302
0.017823401839
0.017580274493
0.017319116741
0.017046336085
0.016768906265
0.016492042691
0.016223404557
0.015965733677
0.015722606331
0.015497062355
0.015289220959
0.015099946409
0.014929238707
0.014776293188
0.014640990645
0.014522973448
0.014421258122
0.014334771782
0.014263097197
0.014206472784
0.014163110405
0.014132652432
0.014115456492
0.014110926539
0.014117661864
0.014136973768
0.014167252928
0.014208499342
0.014261607081
0.014325086027
0.014399353415
0.014483723789
0.014579329640
0.014685872942
0.014802400023
0.014929059893
0.015065733343
0.015213672072
0.015371594578
0.015539471060
0.015717897564
0.015906546265
0.016105297953
0.016314599663
0.016534063965
0.016763303429
0.017003420740
0.017254117876
0.017515067011
0.017785940319
0.018067244440
0.018359337002
0.018660936505
0.018973771483
0.019295725971
0.019629005343
0.060269419104
0.040924493223
0.031956765801
0.027855727822
0.025960925967
0.025057200342
0.024588946253
0.024302456528
0.024077150971
0.023859504610
0.023629669100
0.023383025080
0.023120287806
0.022849384695
0.022574517876
0.022302422673
0.022038523108
0.021785769612
0.021546427161
0.021323714405
0.021117422730
0.020928982645
0.020757768303
0.020604792982
0.020469013602
0.020350579172
0.020247969776
0.020162347704
0.020092371851
0.020037446171
0.019997987896
0.019972387701
0.019961539656
0.019964609295
0.019980911165
0.020010802895
0.020053509623
0.020109836012
0.020178560168
0.020260099322
0.020353440195
0.020460549742
0.020579311997
0.020710173994
0.020854000002
0.021008882672
0.021176461130
0.021356079727
0.021547053009
0.021750543267
0.021965894848
0.022192928940
0.022432301193
0.022682044655
0.022944692522
0.023218635470
0.023503813893
0.023801419884
0.024109754711
0.024429563433
0.024760637432
0.025103900582
0.025457862765
0.025822613388
0.533101022243
0.459346890450
0.409190863371
0.377610087395
0.358977138996
0.348652034998
0.343291193247
0.340672731400
0.339404314756
0.338662862778
0.337995916605
0.337182492018
0.336138606071
0.334854066372
0.333361268044
0.331704795361
0.329935908318
0.328099429607
0.326237767935
0.324384808540
0.322567641735
0.320807933807
0.319123655558
0.317527055740
0.316026449203
0.314629256725
0.313340872526
0.312165051699
0.311104953289
0.310159832239
0.309332877398
0.308625996113
0.308036863804
0.307569503784
0.307221829891
0.306996136904
0.306892991066
0.306913673878
0.307058632374
0.307329684496
0.307728677988
0.308256596327
0.308916062117
0.309709012508
0.310638129711
0.311706751585
0.312916696072
0.314272016287
0.315776109695
0.317432463169
0.319245159626
0.321219354868
0.323358982801
0.325668096542
0.328153431416
0.330819249153
0.333671629429
0.336716383696
0.339959502220
0.343407660723
0.347067207098
0.350945144892
0.355047881603
0.359382390976
0.064532846212
0.045045945793
0.035749319941
0.031352672726
0.029260549694
0.028247032315
0.027733508497
0.027438495308
0.027223471552
0.027023587376
0.026809547096
0.026573423296
0.026315126568
0.026041362435
0.025759372860
0.025475386530
0.025194887072
0.024923477322
0.024663332850
0.024418625981
0.024190071970
0.023978475481
0.023785982281
0.023611519486
0.023455504328
0.023317549378
0.023197386414
0.023094985634
0.023008558899
0.022940013558
0.022887352854
0.022850964218
0.022830370814
0.022825215012
0.022833976895
0.022858623415
0.022896770388
0.022949907929
0.023017648607
0.023098800331
0.023193392903
0.023301962763
0.023424390703
0.023560587317
0.023710045964
0.023872289807
0.024047587067
0.024236563593
0.024438474327
0.024653885514
0.024880949408
0.025121901184
0.025375250727
0.025641147047
0.025920215994
0.026210967451
0.026514146477
0.026829872280
0.027158115059
0.027498040348
0.027850542217
0.028214309365
0.028589460999
0.028976533562
0.066561192274
0.046989891678
0.037537578493
0.033008191735
0.030828211457
0.029769245535
0.029238555580
0.028941515833
0.028733197600
0.028541300446
0.028335038573
0.028103832155
0.027847383171
0.027571652085
0.027284596115
0.026993546635
0.026703838259
0.026422236115
0.026151273400
0.025894973427
0.025654617697
0.025432590395
0.025228086859
0.025042895228
0.024876508862
0.024728123099
0.024598840624
0.024488363415
0.024394843727
0.024318877608
0.024260405451
0.024218235165
0.024192158133
0.024182889611
0.024189177901
0.024210635573
0.024247739464
0.024299774319
0.024366263300
0.024448785931
0.024544332176
0.024655137211
0.024779621512
0.024918053299
0.025071237236
0.025238577276
0.025419030339
0.025613341480
0.025821600109
0.026043359190
0.026278171688
0.026526365429
0.026787582785
0.027062360197
0.027349624783
0.027650568634
0.027963999659
0.028290692717
0.028629425913
0.028980676085
0.029343698174
0.029719088227
0.030107054859
0.030506316572
0.093693614006
0.072207599878
0.060744974762
0.054761145264
0.051746461540
0.050324175507
0.049722675234
0.049507144839
0.049430880696
0.049361202866
0.049235615879
0.049031857401
0.048748198897
0.048396620899
0.047993037850
0.047553751618
0.047095660120
0.046628717333
0.046166691929
0.045716796070
0.045285586268
0.044878307730
0.044497523457
0.044146005064
0.043825987726
0.043536905199
0.043280605227
0.043056461960
0.042865458876
0.042706016451
0.042578551918
0.042483124882
0.042418751866
0.042384449393
0.042380396277
0.042406294495
0.042461577803
0.042545143515
0.042657408863
0.042797151953
0.042963776737
0.043157819659
0.043377820402
0.043624047190
0.043894920498
0.044191692024
0.044512216002
0.044856522232
0.045224133879
0.045614931732
0.046027336270
0.046461228281
0.046916905791
0.047392163426
0.047887329012
0.048402253538
0.048935774714
0.049485955387
0.050053898245
0.050638202578
0.051237288862
0.051851365715
0.052479270846
0.053120199591
0.092797726393
0.071391135454
0.059992764145
0.054049853235
0.051056567580
0.049640957266
0.049039963633
0.048820648342
0.048739615828
0.048666361719
0.048538897187
0.048334930092
0.048053268343
0.047705534846
0.047306839377
0.046874020249
0.046421084553
0.045961741358
0.045506630093
0.045063529164
0.044639144093
0.044238094240
0.043862704188
0.043517325073
0.043201062828
0.042916867882
0.042664412409
0.042443577200
0.042255047709
0.042097453028
0.041970822960
0.041876081377
0.041811708361
0.041777078062
0.041772011667
0.041796807200
0.041849706322
0.041930619627
0.042039517313
0.042175803334
0.042337808758
0.042527530342
0.042742673308
0.042982880026
0.043247673661
0.043537650257
0.043851826340
0.044189039618
0.044549290091
0.044932071120
0.045336429030
0.045762334019
0.046209130436
0.046676430851
0.047162685543
0.047668043524
0.048192445189
0.048733506352
0.049291674048
0.049866531044
0.050456378609
0.051061365753
0.051679436117
0.052311513573
0.262867540121
0.221000224352
0.196183830500
0.182238698006
0.174889087677
0.171353638172
0.169876366854
0.169379085302
0.169229835272
0.169079840183
0.168764591217
0.168226540089
0.167471319437
0.166534692049
0.165463179350
0.164306670427
0.163108229637
0.161905914545
0.160728484392
0.159599691629
0.158538043499
0.157553285360
0.156654655933
0.155846536160
0.155132055283
0.154511183500
0.153983414173
0.153547167778
0.153198391199
0.152936965227
0.152756810188
0.152656376362
0.152631580830
0.152679145336
0.152795881033
0.152977347374
0.153220921755
0.153523623943
0.153883218765
0.154295057058
0.154758363962
0.155269503593
0.155826658010
0.156426936388
0.157069206238
0.157750815153
0.158470541239
0.159226924181
0.160017609596
0.160842150450
0.161698818207
0.162586212158
0.163503915071
0.164450973272
0.165425658226
0.166428089142
0.167457848787
0.168514102697
0.169596076012
0.170703321695
0.171835750341
0.172992974520
0.174173951149
0.175380617380
0.382030248642
0.323149323463
0.286210924387
0.264455378056
0.252404391766
0.246190339327
0.243266552687
0.242029190063
0.241514712572
0.241177856922
0.240739375353
0.240080952644
0.239176601171
0.238048076630
0.236740291119
0.235304355621
0.233789414167
0.232238084078
0.230686783791
0.229164749384
0.227694123983
0.226291269064
0.224968433380
0.223735362291
0.222595393658
0.221553653479
0.220611929893
0.219770520926
0.219029039145
0.218387395144
0.217843800783
0.217397779226
0.217046499252
0.216789931059
0.216624766588
0.216551899910
0.216567605734
0.216672509909
0.216864019632
0.217141985893
0.217505902052
0.217954844236
0.218487292528
0.219104796648
0.219805598259
0.220590025187
0.221458762884
0.222410947084
0.223447740078
0.224569529295
0.225776433945
0.227068990469
0.228448152542
0.229915797710
0.231471389532
0.233115613461
0.234851628542
0.236678451300
0.238597899675
0.240611940622
0.242720782757
0.244926512241
0.247230082750
0.249633073807
0.433476388454
0.368443816900
0.326562255621
0.301373183727
0.287150472403
0.279658347368
0.276030808687
0.274436563253
0.273759007454
0.273358643055
0.272899717093
0.272229939699
0.271307051182
0.270144641399
0.268784821033
0.267278671265
0.265676796436
0.264025986195
0.262364387512
0.260722994804
0.259128004313
0.257598221302
0.256146252155
0.254783779383
0.253518342972
0.252353221178
0.251293629408
0.250339716673
0.249493122101
0.248754292727
0.248122602701
0.247597754002
0.247177332640
0.246863037348
0.246653199196
0.246545910835
0.246542811394
0.246641457081
0.246841549873
0.247143208981
0.247546613216
0.248050838709
0.248657137156
0.249364584684
0.250174999237
0.251088052988
0.252104163170
0.253225803375
0.254452407360
0.255785673857
0.257227152586
0.258778899908
0.260441124439
0.262216210365
0.264107108116
0.266113936901
0.268238514662
0.270486265421
0.272856205702
0.275350928307
0.277974188328
0.280727475882
0.283613741398
0.286635607481
0.193225860596
0.160839498043
0.142171531916
0.131942719221
0.126723229885
0.124355107546
0.123495876789
0.123326420784
0.123364537954
0.123350083828
0.123162180185
0.122764945030
0.122170358896
0.121413171291
0.120537430048
0.119587063789
0.118601292372
0.117613971233
0.116652846336
0.115737646818
0.114884823561
0.114105820656
0.113407194614
0.112794399261
0.112270742655
0.111836254597
0.111491590738
0.111234605312
0.111064434052
0.110977888107
0.110973268747
0.111045479774
0.111194044352
0.111413776875
0.111701637506
0.112055212259
0.112469255924
0.112941771746
0.113469302654
0.114048004150
0.114675462246
0.115347415209
0.116060793400
0.116814494133
0.117603093386
0.118425190449
0.119277149439
0.120157480240
0.121061950922
0.121989130974
0.122936487198
0.123902201653
0.124883472919
0.125878334045
0.126884967089
0.127901554108
0.128925979137
0.129957616329
0.130993962288
0.132033675909
0.133075714111
0.134118586779
0.135162830353
0.136204004288
0.509171366692
0.437115460634
0.388785243034
0.358719736338
0.341193050146
0.331618785858
0.326747685671
0.324442237616
0.323373198509
0.322760820389
0.322182089090
0.321432709694
0.320440739393
0.319203585386
0.317755401134
0.316144853830
0.314422875643
0.312635719776
0.310826569796
0.309026658535
0.307265847921
0.305564403534
0.303938508034
0.302400708199
0.300959736109
0.299623429775
0.298393785954
0.297276854515
0.296273410320
0.295384287834
0.294610977173
0.293954670429
0.293415367603
0.292992860079
0.292687296867
0.292499810457
0.292430043221
0.292478919029
0.292647659779
0.292935937643
0.293345004320
0.293876945972
0.294532597065
0.295313686132
0.296222269535
0.297259598970
0.298429638147
0.299733400345
0.301174134016
0.302754610777
0.304478138685
0.306348443031
0.308368891478
0.310543358326
0.312876403332
0.315371185541
0.318033128977
0.320866852999
0.323877394199
0.327070295811
0.330449193716
0.334021270275
0.337790817022
0.341764241457
0.206975847483
0.172841072083
0.153059363365
0.142167866230
0.136576712132
0.134010791779
0.133051991463
0.132831245661
0.132840096951
0.132802546024
0.132589161396
0.132162153721
0.131531745195
0.130734473467
0.129816919565
0.128823488951
0.127795517445
0.126766949892
0.125766068697
0.124814182520
0.123927712440
0.123117923737
0.122391313314
0.121754735708
0.121209114790
0.120754510164
0.120392680168
0.120121330023
0.119937241077
0.119838446379
0.119821190834
0.119882881641
0.120020717382
0.120229572058
0.120507180691
0.120849370956
0.121252179146
0.121712744236
0.122227847576
0.122792512178
0.123405426741
0.124062806368
0.124761164188
0.125497460365
0.126268655062
0.127072244883
0.127905726433
0.128767013550
0.129652619362
0.130561083555
0.131489753723
0.132436364889
0.133400261402
0.134377568960
0.135367751122
0.136369377375
0.137380540371
0.138399332762
0.139425426722
0.140457153320
0.141493350267
0.142533332109
0.143575012684
0.144619315863
0.121633052826
0.097401380539
0.083969324827
0.076800495386
0.073199301958
0.071575969458
0.070987552404
0.070874124765
0.070910722017
0.070921063423
0.070823311806
0.070588111877
0.070221036673
0.069740891457
0.069176465273
0.068552821875
0.067896038294
0.067227393389
0.066563576460
0.065918684006
0.065304040909
0.064726650715
0.064192295074
0.063706040382
0.063268661499
0.062883853912
0.062551468611
0.062272045761
0.062045726925
0.061871919781
0.061749253422
0.061678204685
0.061657849699
0.061686191708
0.061762426049
0.061886940151
0.062056843191
0.062271807343
0.062530308962
0.062831431627
0.063173979521
0.063556879759
0.063977926970
0.064436435699
0.064931929111
0.065461158752
0.066024124622
0.066619575024
0.067245095968
0.067899703979
0.068582534790
0.069290876389
0.070024311543
0.070781022310
0.071558713913
0.072356909513
0.073173642159
0.074006974697
0.074855446815
0.075718194246
0.076593369246
0.077478289604
0.078373163939
0.079275101423
0.195640057325
0.162951320410
0.144091218710
0.133748501539
0.128465324640
0.126063495874
0.125188082457
0.125010192394
0.125043481588
0.125025242567
0.124833106995
0.124430745840
0.123829394579
0.123064905405
0.122181802988
0.121223062277
0.120230227709
0.119235664606
0.118267178535
0.117345690727
0.116487473249
0.115702956915
0.114999920130
0.114383459091
0.113855957985
0.113419145346
0.113072067499
0.112813621759
0.112641960382
0.112554311752
0.112548679113
0.112620919943
0.112767964602
0.112986564636
0.113274395466
0.113626509905
0.114040970802
0.114512771368
0.115039139986
0.115616858006
0.116242408752
0.116913288832
0.117625534534
0.118377059698
0.119164198637
0.119983792305
0.120833456516
0.121711403131
0.122613668442
0.123538196087
0.124482870102
0.125446140766
0.126424461603
0.127416461706
0.128421127796
0.129435390234
0.130458056927
0.131486684084
0.132521122694
0.133559465408
0.134600520134
0.135642975569
0.136685609818
0.137726604939
0.042965803295
0.023760888726
0.016151610762
0.013459298760
0.012604270130
0.012336645275
0.012194786221
0.012033585459
0.011820111424
0.011560354382
0.011272583157
0.010971132666
0.010669413954
0.010376784950
0.010099444538
0.009841594845
0.009605351835
0.009390953928
0.009198609740
0.009027395397
0.008876625448
0.008745614439
0.008632782847
0.008536759764
0.008456531912
0.008391741663
0.008340600878
0.008302781731
0.008278194815
0.008264932781
0.008263561875
0.008272621781
0.008293692023
0.008323732764
0.008364591748
0.008415106684
0.008475784212
0.008546117693
0.008625898510
0.008714679629
0.008813206106
0.008920703083
0.009037975222
0.009164456278
0.009300056845
0.009444776922
0.009598586708
0.009762767702
0.009935084730
0.010116908699
0.010308030993
0.010508630425
0.010718856007
0.010938350111
0.011167410761
0.011406395584
0.011654619128
0.011912677437
0.012179914862
0.012457076460
0.012743655592
0.013040337712
0.013346944004
0.013663474470
0.060269419104
0.040924493223
0.031956765801
0.027855727822
0.025960925967
0.025057200342
0.024588946253
0.024302456528
0.024077150971
0.023859504610
0.023629669100
0.023383025080
0.023120287806
0.022849384695
0.022574517876
0.022302422673
0.022038523108
0.021785769612
0.021546427161
0.021323714405
0.021117422730
0.020928982645
0.020757768303
0.020604792982
0.020469013602
0.020350579172
0.020247969776
0.020162347704
0.020092371851
0.020037446171
0.019997987896
0.019972387701
0.019961539656
0.019964609295
0.019980911165
0.020010802895
0.020053509623
0.020109836012
0.020178560168
0.020260099322
0.020353440195
0.020460549742
0.020579311997
0.020710173994
0.020854000002
0.021008882672
0.021176461130
0.021356079727
0.021547053009
0.021750543267
0.021965894848
0.022192928940
0.022432301193
0.022682044655
0.022944692522
0.023218635470
0.023503813893
0.023801419884
0.024109754711
0.024429563433
0.024760637432
0.025103900582
0.025457862765
0.025822613388
0.354459673166
0.299276679754
0.265130728483
0.245240628719
0.234337270260
0.228785783052
0.226217895746
0.225157588720
0.224723041058
0.224417865276
0.223993331194
0.223346501589
0.222459316254
0.221358090639
0.220087975264
0.218701153994
0.217242985964
0.215757787228
0.214278578758
0.212832719088
0.211441338062
0.210119962692
0.208879917860
0.207728475332
0.206669569016
0.205706924200
0.204841077328
0.204073131084
0.203400939703
0.202823251486
0.202339559793
0.201947152615
0.201643794775
0.201429396868
0.201298803091
0.201252132654
0.201288104057
0.201404392719
0.201599389315
0.201871871948
0.202220320702
0.202644824982
0.203142970800
0.203715741634
0.204361140728
0.205079644918
0.205870270729
0.206732302904
0.207668066025
0.208675086498
0.209754377604
0.210906952620
0.212132871151
0.213431090117
0.214803665876
0.216251581907
0.217773854733
0.219372421503
0.221047461033
0.222800195217
0.224630802870
0.226541101933
0.228530764580
0.230602085590
0.048903170973
0.029714886099
0.021633330733
0.018419597298
0.017165306956
0.016642931849
0.016362879425
0.016140583903
0.015911761671
0.015662137419
0.015392694622
0.015110883862
0.014826569706
0.014546576887
0.014275882393
0.014019910246
0.013781253248
0.013560596853
0.013358835131
0.013177249581
0.013014022261
0.012869928032
0.012743357569
0.012632969767
0.012539271265
0.012460831553
0.012396965176
0.012347195297
0.012310300022
0.012286428362
0.012275252491
0.012275759131
0.012287382036
0.012311223894
0.012344811112
0.012389693409
0.012445483357
0.012511286885
0.012587461621
0.012673471123
0.012770239264
0.012876871973
0.012993130833
0.013119403273
0.013255957514
0.013401810080
0.013558391482
0.013724450022
0.013900611550
0.014086011797
0.014281664044
0.014487687498
0.014703396708
0.014929030091
0.015164885670
0.015410277992
0.015666011721
0.015931699425
0.016207788140
0.016493026167
0.016789142042
0.017095539719
0.017412070185
0.017738107592
0.269397765398
0.226577937603
0.201125025749
0.186786800623
0.179206222296
0.175541609526
0.173994064331
0.173460066319
0.173289567232
0.173126190901
0.172799527645
0.172250479460
0.171482890844
0.170531243086
0.169443339109
0.168267577887
0.167049139738
0.165823578835
0.164624512196
0.163472622633
0.162386089563
0.161377280951
0.160452991724
0.159620523453
0.158879995346
0.158233791590
0.157680600882
0.157218307257
0.156844794750
0.156557708979
0.156352609396
0.156228214502
0.156178951263
0.156202614307
0.156295657158
0.156454533339
0.156676054001
0.156958311796
0.157297551632
0.157691121101
0.158136248589
0.158631175756
0.159172713757
0.159759372473
0.160390287638
0.161061495543
0.161773502827
0.162523001432
0.163309365511
0.164131820202
0.164988458157
0.165879130363
0.166802167892
0.167756378651
0.168742209673
0.169758707285
0.170804232359
0.171879917383
0.172984093428
0.174117118120
0.175278306007
0.176467478275
0.177685290575
0.178930550814
0.085255622864
0.064487278461
0.053635422140
0.048051718622
0.045247588307
0.043903265148
0.043302271515
0.043050501496
0.042929921299
0.042823914438
0.042678210884
0.042472515255
0.042205486447
0.041886124760
0.041526798159
0.041141752154
0.040742341429
0.040339324623
0.039942357689
0.039556775242
0.039188358933
0.038840953261
0.038516942412
0.038217697293
0.037944350392
0.037698183209
0.037479046732
0.037286493927
0.037121418864
0.036983255297
0.036871436983
0.036785427481
0.036725852638
0.036691460758
0.036681804806
0.036696527153
0.036735717207
0.036798629910
0.036884997040
0.036995176226
0.037127587944
0.037282500416
0.037459556013
0.037657950073
0.037878368050
0.038119975477
0.038382235914
0.038664344698
0.038967851549
0.039290610701
0.039632294327
0.039993349463
0.040373299271
0.040771011263
0.041186604649
0.041620407254
0.042070034891
0.042536739260
0.043019060045
0.043517384678
0.044030401856
0.044557813555
0.045098993927
0.045653555542
0.274222999811
0.230695605278
0.204767078161
0.190134227276
0.182380646467
0.178618311882
0.177018016577
0.176455855370
0.176269918680
0.176096916199
0.175762444735
0.175205618143
0.174428552389
0.173465847969
0.172365188599
0.171176135540
0.169942378998
0.168701857328
0.167485535145
0.166315674782
0.165211170912
0.164183855057
0.163240790367
0.162389516830
0.161630362272
0.160964608192
0.160392224789
0.159910827875
0.159518241882
0.159212440252
0.158988893032
0.158845424652
0.158778578043
0.158784896135
0.158860802650
0.159003645182
0.159210056067
0.159476578236
0.159801721573
0.160180985928
0.160614073277
0.161097794771
0.161629408598
0.162207722664
0.162830024958
0.163495272398
0.164202451706
0.164948433638
0.165733814240
0.166555941105
0.167414397001
0.168308585882
0.169237166643
0.170199930668
0.171195775270
0.172223716974
0.173283934593
0.174375325441
0.175498872995
0.176652699709
0.177838206291
0.179054230452
0.180300235748
0.181577622890
0.157398849726
0.129270970821
0.113309353590
0.104670643806
0.100318342447
0.098383337259
0.097718507051
0.097628921270
0.097708582878
0.097735553980
0.097607791424
0.097293883562
0.096804469824
0.096169084311
0.095424532890
0.094609171152
0.093756377697
0.092896431684
0.092051506042
0.091241061687
0.090478777885
0.089774519205
0.089136570692
0.088569819927
0.088075608015
0.087658673525
0.087318092585
0.087052524090
0.086863815784
0.086747705936
0.086704641581
0.086731642485
0.086827993393
0.086991071701
0.087216794491
0.087505817413
0.087853521109
0.088257968426
0.088716953993
0.089227974415
0.089788466692
0.090395361185
0.091046988964
0.091740220785
0.092472463846
0.093241930008
0.094046086073
0.094880998135
0.095745205879
0.096636384726
0.097552150488
0.098490566015
0.099447816610
0.100423157215
0.101413667202
0.102416366339
0.103431314230
0.104454785585
0.105486184359
0.106521576643
0.107561320066
0.108602792025
0.109644979239
0.110684722662
0.548227071762
0.473532974720
0.422274798155
0.389736354351
0.370380371809
0.359546095133
0.353840649128
0.350992888212
0.349571079016
0.348725616932
0.347984582186
0.347117036581
0.346028506756
0.344706296921
0.343179166317
0.341488301754
0.339684993029
0.337814331055
0.335917055607
0.334028035402
0.332174330950
0.330377638340
0.328655332327
0.327019155025
0.325479686260
0.324043720961
0.322717368603
0.321503460407
0.320405066013
0.319424211979
0.318562090397
0.317820101976
0.317199587822
0.316701769829
0.316326856613
0.316076546907
0.315950989723
0.315953612328
0.316083222628
0.316343605518
0.316735684872
0.317262202501
0.317925512791
0.318728238344
0.319672971964
0.320764660835
0.322004318237
0.323396563530
0.324947386980
0.326658546925
0.328536093235
0.330584615469
0.332810163498
0.335216879845
0.337812066078
0.340600818396
0.343589931726
0.346786469221
0.350197464228
0.353830426931
0.357690900564
0.361788511276
0.366130292416
0.370724141598
0.054076675326
0.034855280071
0.026368264109
0.022732023150
0.021165940911
0.020452473313
0.020074877888
0.019814286381
0.019582156092
0.019344750792
0.019092772156
0.018827889115
0.018555764109
0.018281433731
0.018012795597
0.017752055079
0.017505142838
0.017273310572
0.017057869583
0.016860995442
0.016681436449
0.016519490629
0.016375783831
0.016248796135
0.016138289124
0.016044054180
0.015964780003
0.015900317580
0.015850547701
0.015813652426
0.015790406615
0.015780035406
0.015782836825
0.015797529370
0.015824142843
0.015862200409
0.015912268311
0.015973571688
0.016046229750
0.016130033880
0.016225013882
0.016330692917
0.016447756439
0.016574863344
0.016713146120
0.016862217337
0.017021719366
0.017191682011
0.017373714596
0.017564926296
0.017767641693
0.017980489880
0.018204335123
0.018438521773
0.018683556467
0.018939498812
0.019205782562
0.019482318312
0.019770655781
0.020068410784
0.020377222449
0.020696971565
0.021026436239
0.021366927773
0.515854358673
0.443299770355
0.394448846579
0.363959789276
0.346128433943
0.336349993944
0.331348747015
0.328961670399
0.327841430902
0.327197253704
0.326596975327
0.325832486153
0.324827551842
0.323579102755
0.322119563818
0.320496827364
0.318761944771
0.316962063313
0.315138250589
0.313323974609
0.311548233032
0.309830516577
0.308187752962
0.306634396315
0.305177003145
0.303823858500
0.302578568459
0.301444917917
0.300425827503
0.299521893263
0.298734277487
0.298063755035
0.297510862350
0.297075450420
0.296759396791
0.296561777592
0.296483039856
0.296524375677
0.296686828136
0.296970546246
0.297376960516
0.297908037901
0.298565119505
0.299349486828
0.300263792276
0.301309466362
0.302490025759
0.303807467222
0.305265218019
0.306866317987
0.308613479137
0.310511529446
0.312563627958
0.314774900675
0.317148000002
0.319688856602
0.322401076555
0.325291156769
0.328364074230
0.331624001265
0.335077881813
0.338730573654
0.342589616776
0.346658527851
0.087822020054
0.066844284534
0.055805120617
0.050095889717
0.047224644572
0.045854542404
0.045252297074
0.045011464506
0.044904056937
0.044810358435
0.044671479613
0.044466499239
0.044194821268
0.043866399676
0.043494496495
0.043093029410
0.042675618082
0.042254451662
0.041837338358
0.041432473809
0.041045252234
0.040679071099
0.040337178856
0.040022466332
0.039734426886
0.039474729449
0.039243314415
0.039041075855
0.038867566735
0.038721624762
0.038604591042
0.038515273482
0.038453463465
0.038417432457
0.038408670574
0.038425538689
0.038468960673
0.038537357002
0.038630370051
0.038748029619
0.038889769465
0.039055082947
0.039244506508
0.039455536753
0.039690647274
0.039947543293
0.040225688368
0.040525797755
0.040847364813
0.041189048439
0.041551832110
0.041933540255
0.042335662991
0.042755756527
0.043195102364
0.043651226908
0.044125799090
0.044617000967
0.045124772936
0.045648340136
0.046187553555
0.046739701182
0.047306511551
0.047887209803
0.397968232632
0.337069720030
0.298556447029
0.275728493929
0.263007432222
0.256405502558
0.253270149231
0.251926749945
0.251364618540
0.251009911299
0.250566035509
0.249904364347
0.248992979527
0.247852444649
0.246527045965
0.245066761971
0.243522614241
0.241937994957
0.240350127220
0.238788425922
0.237276375294
0.235831439495
0.234466016293
0.233189731836
0.232008069754
0.230926096439
0.229945868254
0.229066997766
0.228290587664
0.227616786957
0.227044314146
0.226571291685
0.226197540760
0.225921928883
0.225741684437
0.225657552481
0.225666403770
0.225769340992
0.225963085890
0.226248472929
0.226624965668
0.227091848850
0.227648049593
0.228294223547
0.229029923677
0.229856371880
0.230772256851
0.231778830290
0.232877373695
0.234066456556
0.235348522663
0.236724287271
0.238193988800
0.239759892225
0.241421639919
0.243181586266
0.245040476322
0.247000128031
0.249062120914
0.251228481531
0.253498226404
0.255876183510
0.258361339569
0.260957717896
