10.7656250000
10.7656250000
10.7656250000
10.7656250000
10.7656250000
10.7656250000
14.9375000000
14.9375000000
14.9375000000
14.9375000000
14.9375000000
14.9375000000
16.5156250000
16.5156250000
16.5156250000
16.5156250000
16.5156250000
16.5156250000
18.2343750000
18.2343750000
18.2343750000
18.2343750000
18.2343750000
18.2343750000
4.7343750000
4.7343750000
4.7343750000
4.7343750000
4.7343750000
4.7343750000
5.9375000000
5.9375000000
5.9375000000
5.9375000000
5.9375000000
5.9375000000
3.3437500000
3.3437500000
3.3437500000
3.3437500000
3.3437500000
3.3437500000
2.1562500000
2.1562500000
2.1562500000
2.1562500000
2.1562500000
2.1562500000
4.0000000000
4.0000000000
4.0000000000
4.0000000000
4.0000000000
4.0000000000
20.2187500000
20.2187500000
20.2187500000
20.2187500000
20.2187500000
20.2187500000
12.3281250000
12.3281250000
12.3281250000
12.3281250000
12.3281250000
12.3281250000
11.7812500000
11.7812500000
11.7812500000
11.7812500000
11.7812500000
11.7812500000
9.8437500000
9.8437500000
9.8437500000
9.8437500000
9.8437500000
9.8437500000
21.8750000000
21.8750000000
21.8750000000
21.8750000000
21.8750000000
21.8750000000
14.7968750000
14.7968750000
14.7968750000
14.7968750000
14.7968750000
14.7968750000
2.8750000000
2.8750000000
2.8750000000
2.8750000000
2.8750000000
2.8750000000
11.6875000000
11.6875000000
11.6875000000
11.6875000000
11.6875000000
11.6875000000
14.3750000000
14.3750000000
14.3750000000
14.3750000000
14.3750000000
14.3750000000
14.6562500000
14.6562500000
14.6562500000
14.6562500000
14.6562500000
14.6562500000
3.9375000000
3.9375000000
3.9375000000
3.9375000000
3.9375000000
3.9375000000
19.7656250000
19.7656250000
19.7656250000
19.7656250000
19.7656250000
19.7656250000
8.5781250000
8.5781250000
8.5781250000
8.5781250000
8.5781250000
8.5781250000
12.7187500000
12.7187500000
12.7187500000
12.7187500000
12.7187500000
12.7187500000
5.4375000000
5.4375000000
5.4375000000
5.4375000000
5.4375000000
5.4375000000
13.0156250000
13.0156250000
13.0156250000
13.0156250000
13.0156250000
13.0156250000
14.3593750000
14.3593750000
14.3593750000
14.3593750000
14.3593750000
14.3593750000
11.2968750000
11.2968750000
11.2968750000
11.2968750000
11.2968750000
11.2968750000
2.5937500000
2.5937500000
2.5937500000
2.5937500000
2.5937500000
2.5937500000
12.5625000000
12.5625000000
12.5625000000
12.5625000000
12.5625000000
12.5625000000
8.4531250000
8.4531250000
8.4531250000
8.4531250000
8.4531250000
8.4531250000
27.9687500000
27.9687500000
27.9687500000
27.9687500000
27.9687500000
27.9687500000
8.3750000000
8.3750000000
8.3750000000
8.3750000000
8.3750000000
8.3750000000
21.4843750000
21.4843750000
21.4843750000
21.4843750000
21.4843750000
21.4843750000
18.0937500000
18.0937500000
18.0937500000
18.0937500000
18.0937500000
18.0937500000
7.4531250000
7.4531250000
7.4531250000
7.4531250000
7.4531250000
7.4531250000
4.9531250000
4.9531250000
4.9531250000
4.9531250000
4.9531250000
4.9531250000
2.9843750000
2.9843750000
2.9843750000
2.9843750000
2.9843750000
2.9843750000
17.3437500000
17.3437500000
17.3437500000
17.3437500000
17.3437500000
17.3437500000
14.4218750000
14.4218750000
14.4218750000
14.4218750000
14.4218750000
14.4218750000
4.0625000000
4.0625000000
4.0625000000
4.0625000000
4.0625000000
4.0625000000
5.3750000000
5.3750000000
5.3750000000
5.3750000000
5.3750000000
5.3750000000
6.2656250000
6.2656250000
6.2656250000
6.2656250000
6.2656250000
6.2656250000
18.9218750000
18.9218750000
18.9218750000
18.9218750000
18.9218750000
18.9218750000
8.7500000000
8.7500000000
8.7500000000
8.7500000000
8.7500000000
8.7500000000
2.8593750000
2.8593750000
2.8593750000
2.8593750000
2.8593750000
2.8593750000
7.7187500000
7.7187500000
7.7187500000
7.7187500000
7.7187500000
7.7187500000
5.2656250000
5.2656250000
5.2656250000
5.2656250000
5.2656250000
5.2656250000
3.3750000000
3.3750000000
3.3750000000
3.3750000000
3.3750000000
3.3750000000
3.9687500000
3.9687500000
3.9687500000
3.9687500000
3.9687500000
3.9687500000
14.4531250000
14.4531250000
14.4531250000
14.4531250000
14.4531250000
14.4531250000
13.9687500000
13.9687500000
13.9687500000
13.9687500000
13.9687500000
13.9687500000
15.7656250000
15.7656250000
15.7656250000
15.7656250000
15.7656250000
15.7656250000
8.0625000000
8.0625000000
8.0625000000
8.0625000000
8.0625000000
8.0625000000
14.7343750000
14.7343750000
14.7343750000
14.7343750000
14.7343750000
14.7343750000
5.2343750000
5.2343750000
5.2343750000
5.2343750000
5.2343750000
5.2343750000
16.4375000000
16.4375000000
16.4375000000
16.4375000000
16.4375000000
16.4375000000
13.5781250000
13.5781250000
13.5781250000
13.5781250000
13.5781250000
13.5781250000
7.6718750000
7.6718750000
7.6718750000
7.6718750000
7.6718750000
7.6718750000
2.2343750000
2.2343750000
2.2343750000
2.2343750000
2.2343750000
2.2343750000
16.0468750000
16.0468750000
16.0468750000
16.0468750000
16.0468750000
16.0468750000
11.6875000000
11.6875000000
11.6875000000
11.6875000000
11.6875000000
11.6875000000
5.4843750000
5.4843750000
5.4843750000
5.4843750000
5.4843750000
5.4843750000
13.2500000000
13.2500000000
13.2500000000
13.2500000000
13.2500000000
13.2500000000
16.7812500000
16.7812500000
16.7812500000
16.7812500000
16.7812500000
16.7812500000
5.2187500000
5.2187500000
5.2187500000
5.2187500000
5.2187500000
5.2187500000
4.0625000000
4.0625000000
4.0625000000
4.0625000000
4.0625000000
4.0625000000
7.7031250000
7.7031250000
7.7031250000
7.7031250000
7.7031250000
7.7031250000
2.3125000000
2.3125000000
2.3125000000
2.3125000000
2.3125000000
2.3125000000
10.8906250000
10.8906250000
10.8906250000
10.8906250000
10.8906250000
10.8906250000
4.4062500000
4.4062500000
4.4062500000
4.4062500000
4.4062500000
4.4062500000
6.2187500000
6.2187500000
6.2187500000
6.2187500000
6.2187500000
6.2187500000
14.3125000000
14.3125000000
14.3125000000
14.3125000000
14.3125000000
14.3125000000
9.5781250000
9.5781250000
9.5781250000
9.5781250000
9.5781250000
9.5781250000
24.5468750000
24.5468750000
24.5468750000
24.5468750000
24.5468750000
24.5468750000
5.5625000000
5.5625000000
5.5625000000
5.5625000000
5.5625000000
5.5625000000
7.2343750000
7.2343750000
7.2343750000
7.2343750000
7.2343750000
7.2343750000
19.5625000000
19.5625000000
19.5625000000
19.5625000000
19.5625000000
19.5625000000
11.7812500000
11.7812500000
11.7812500000
11.7812500000
11.7812500000
11.7812500000
4.0468750000
4.0468750000
4.0468750000
4.0468750000
4.0468750000
4.0468750000
5.5937500000
5.5937500000
5.5937500000
5.5937500000
5.5937500000
5.5937500000
21.5937500000
21.5937500000
21.5937500000
21.5937500000
21.5937500000
21.5937500000
21.3750000000
21.3750000000
21.3750000000
21.3750000000
21.3750000000
21.3750000000
3.9531250000
3.9531250000
3.9531250000
3.9531250000
3.9531250000
3.9531250000
5.3750000000
5.3750000000
5.3750000000
5.3750000000
5.3750000000
5.3750000000
7.4375000000
7.4375000000
7.4375000000
7.4375000000
7.4375000000
7.4375000000
16.1875000000
16.1875000000
16.1875000000
16.1875000000
16.1875000000
16.1875000000
15.5000000000
15.5000000000
15.5000000000
15.5000000000
15.5000000000
15.5000000000
19.5781250000
19.5781250000
19.5781250000
19.5781250000
19.5781250000
19.5781250000
9.1406250000
9.1406250000
9.1406250000
9.1406250000
9.1406250000
9.1406250000
10.3437500000
10.3437500000
10.3437500000
10.3437500000
10.3437500000
10.3437500000
6.6093750000
6.6093750000
6.6093750000
6.6093750000
6.6093750000
6.6093750000
8.5156250000
8.5156250000
8.5156250000
8.5156250000
8.5156250000
8.5156250000
5.2343750000
5.2343750000
5.2343750000
5.2343750000
5.2343750000
5.2343750000
3.7656250000
3.7656250000
3.7656250000
3.7656250000
3.7656250000
3.7656250000
18.8906250000
18.8906250000
18.8906250000
18.8906250000
18.8906250000
18.8906250000
8.8906250000
8.8906250000
8.8906250000
8.8906250000
8.8906250000
8.8906250000
16.9843750000
16.9843750000
16.9843750000
16.9843750000
16.9843750000
16.9843750000
8.2656250000
8.2656250000
8.2656250000
8.2656250000
8.2656250000
8.2656250000
14.4843750000
14.4843750000
14.4843750000
14.4843750000
14.4843750000
14.4843750000
14.1562500000
14.1562500000
14.1562500000
14.1562500000
14.1562500000
14.1562500000
