0.290589541197
0.248086661100
0.222376793623
0.207038491964
0.198012083769
0.192779153585
0.189800232649
0.188142985106
0.187247484922
0.186778992414
0.186535805464
0.186398237944
0.186296314001
0.186186641455
0.186044067144
0.185855478048
0.185614198446
0.185318320990
0.184968680143
0.184568136930
0.184123128653
0.183637470007
0.183119267225
0.182574480772
0.182011574507
0.181434839964
0.180851906538
0.180270642042
0.179693788290
0.179129928350
0.178581446409
0.178054660559
0.177553027868
0.177079886198
0.176638692617
0.176233023405
0.175864785910
0.175536125898
0.175249665976
0.175006836653
0.174809068441
0.174657672644
0.174554079771
0.174499124289
0.174494951963
0.174540370703
0.174637883902
0.174786299467
0.174987167120
0.175241917372
0.175549000502
0.175909847021
0.176324576139
0.176793187857
0.177317231894
0.177896589041
0.178532093763
0.179223626852
0.179973930120
0.180782645941
0.181652277708
0.182583898306
0.183582395315
0.184649676085
0.142610758543
0.123992055655
0.113754719496
0.108300775290
0.105523675680
0.104203909636
0.103644937277
0.103451102972
0.103407710791
0.103399246931
0.103368490934
0.103291839361
0.103160351515
0.102978199720
0.102752059698
0.102490752935
0.102202743292
0.101896852255
0.101581424475
0.101261705160
0.100946277380
0.100636929274
0.100339859724
0.100059002638
0.099795311689
0.099553078413
0.099333256483
0.099137276411
0.098967283964
0.098823398352
0.098707169294
0.098617762327
0.098557323217
0.098524898291
0.098522275686
0.098548740149
0.098603099585
0.098687142134
0.098799914122
0.098941773176
0.099111884832
0.099310368299
0.099537581205
0.099792689085
0.100075334311
0.100385040045
0.100720971823
0.101083248854
0.101471990347
0.101885050535
0.102322667837
0.102783411741
0.103267520666
0.103772848845
0.104299396276
0.104844778776
0.105408161879
0.105988472700
0.106583088636
0.107189863920
0.107808440924
0.108433812857
0.109065145254
0.109698385000
0.297169178724
0.261053293943
0.239371985197
0.226482361555
0.218904703856
0.214511960745
0.212015599012
0.210633963346
0.209893316031
0.209507316351
0.209303349257
0.209175318480
0.209063142538
0.208930820227
0.208757370710
0.208536595106
0.208264201880
0.207943528891
0.207576841116
0.207171410322
0.206733196974
0.206268996000
0.205786556005
0.205291241407
0.204789847136
0.204287618399
0.203790754080
0.203304260969
0.202831715345
0.202378243208
0.201946824789
0.201540917158
0.201162666082
0.200815290213
0.200500935316
0.200221866369
0.199979871511
0.199774593115
0.199609607458
0.199484318495
0.199401706457
0.199361413717
0.199364513159
0.199411243200
0.199503272772
0.199640363455
0.199823230505
0.200052589178
0.200328797102
0.200651496649
0.201022237539
0.201440781355
0.201907247305
0.202423185110
0.202987760305
0.203602403402
0.204267591238
0.204982489347
0.205750197172
0.206570476294
0.207443445921
0.208372086287
0.209357112646
0.210401028395
0.177922815084
0.156081289053
0.143663853407
0.136744230986
0.132998436689
0.131062000990
0.130130857229
0.129737228155
0.129610031843
0.129593461752
0.129601567984
0.129587262869
0.129527896643
0.129416435957
0.129250377417
0.129035443068
0.128776043653
0.128481358290
0.128156751394
0.127810806036
0.127449721098
0.127080172300
0.126706331968
0.126334398985
0.125967830420
0.125610917807
0.125265926123
0.124937146902
0.124625414610
0.124332278967
0.124059766531
0.123810142279
0.123583048582
0.123379081488
0.123199075460
0.123043626547
0.122912734747
0.122806757689
0.122725218534
0.122668355703
0.122635573149
0.122626155615
0.122641414404
0.122678607702
0.122739762068
0.122822254896
0.122927039862
0.123053759336
0.123201102018
0.123368233442
0.123554438353
0.123760312796
0.123984783888
0.124227017164
0.124486416578
0.124761074781
0.125052422285
0.125357598066
0.125677078962
0.126009076834
0.126353591681
0.126708239317
0.127071708441
0.127443045378
0.675795435905
0.587923765182
0.533561468124
0.500409960747
0.480570167303
0.469055503607
0.462730616331
0.459613651037
0.458438366652
0.458381742239
0.458904474974
0.459650486708
0.460381120443
0.460946410894
0.461249798536
0.461242765188
0.460901468992
0.460228532553
0.459240049124
0.457965224981
0.456437081099
0.454695433378
0.452778786421
0.450729697943
0.448584288359
0.446379512548
0.444149464369
0.441922754049
0.439727634192
0.437588542700
0.435523837805
0.433553427458
0.431692332029
0.429952472448
0.428344219923
0.426877588034
0.425559490919
0.424395173788
0.423388570547
0.422544687986
0.421864122152
0.421350568533
0.421004384756
0.420825570822
0.420816868544
0.420976012945
0.421304196119
0.421801537275
0.422465413809
0.423297137022
0.424295395613
0.425458878279
0.426787704229
0.428278297186
0.429930895567
0.431744068861
0.433716028929
0.435842603445
0.438125342131
0.440557926893
0.443140000105
0.445865958929
0.448731869459
0.451733678579
0.308462709188
0.266843169928
0.241881579161
0.226958245039
0.218054622412
0.212755173445
0.209603518248
0.207728594542
0.206600040197
0.205900043249
0.205434411764
0.205083340406
0.204777568579
0.204473584890
0.204148977995
0.203790515661
0.203394383192
0.202959269285
0.202490061522
0.201990216970
0.201466649771
0.200925201178
0.200371593237
0.199813812971
0.199256986380
0.198707550764
0.198169797659
0.197648972273
0.197148412466
0.196673244238
0.196226328611
0.195810049772
0.195426672697
0.195079654455
0.194769710302
0.194498509169
0.194268792868
0.194079607725
0.193933695555
0.193831294775
0.193773478270
0.193760722876
0.193793028593
0.193870872259
0.193996757269
0.194167703390
0.194386571646
0.194653362036
0.194966763258
0.195327967405
0.195737212896
0.196193665266
0.196698516607
0.197250455618
0.197850912809
0.198498576880
0.199193805456
0.199935287237
0.200723260641
0.201556295156
0.202434867620
0.203356236219
0.204319924116
0.205324858427
0.184072345495
0.158454865217
0.143677920103
0.135320514441
0.130706042051
0.128236383200
0.126969784498
0.126353234053
0.126068919897
0.125937193632
0.125856965780
0.125774472952
0.125662773848
0.125512450933
0.125318497419
0.125084728003
0.124815434217
0.124515861273
0.124193161726
0.123853176832
0.123500674963
0.123141735792
0.122781008482
0.122423857450
0.122073024511
0.121733635664
0.121406883001
0.121097177267
0.120805710554
0.120535343885
0.120287269354
0.120064228773
0.119867414236
0.119697183371
0.119555562735
0.119443029165
0.119360655546
0.119308799505
0.119288891554
0.119301527739
0.119346827269
0.119425386190
0.119538277388
0.119685143232
0.119867056608
0.120084732771
0.120337337255
0.120626538992
0.120952457190
0.121315330267
0.121715754271
0.122153252363
0.122629731894
0.123145073652
0.123698920012
0.124294012785
0.124929636717
0.125606864691
0.126327484846
0.127091020346
0.127899974585
0.128755420446
0.129660695791
0.130616635084
0.242685288191
0.205995053053
0.183848708868
0.170297712088
0.161855310202
0.156470507383
0.152931541204
0.150517910719
0.148794382811
0.147497862577
0.146464198828
0.145593851805
0.144823163748
0.144114464521
0.143442600965
0.142795652151
0.142165511847
0.141549319029
0.140947312117
0.140361636877
0.139794319868
0.139248579741
0.138727873564
0.138236016035
0.137775272131
0.137348502874
0.136958450079
0.136606544256
0.136293858290
0.136022180319
0.135791748762
0.135602682829
0.135455101728
0.135349363089
0.135284751654
0.135261148214
0.135277003050
0.135331839323
0.135425180197
0.135555833578
0.135722130537
0.135923713446
0.136158674955
0.136428087950
0.136727899313
0.137058705091
0.137419074774
0.137807458639
0.138223022223
0.138664931059
0.139130443335
0.139619797468
0.140130966902
0.140662401915
0.141212791204
0.141781061888
0.142364114523
0.142961353064
0.143569678068
0.144187420607
0.144811600447
0.145438641310
0.146065205336
0.146687000990
0.364664405584
0.320894330740
0.294013231993
0.277601808310
0.267668575048
0.261741012335
0.258284777403
0.256343573332
0.255317538977
0.254825562239
0.254628270864
0.254571884871
0.254561036825
0.254536479712
0.254462927580
0.254324048758
0.254111617804
0.253825873137
0.253470748663
0.253054231405
0.252586215734
0.252074688673
0.251531094313
0.250964730978
0.250385135412
0.249801844358
0.249221533537
0.248651951551
0.248100012541
0.247570961714
0.247069925070
0.246601432562
0.246170729399
0.245780199766
0.245433300734
0.245130747557
0.244877308607
0.244675010443
0.244523614645
0.244427889585
0.244385808706
0.244401067495
0.244474261999
0.244606822729
0.244799464941
0.245052546263
0.245367974043
0.245746701956
0.246188730001
0.246697276831
0.247270911932
0.247910827398
0.248618096113
0.249394148588
0.250239580870
0.251154750586
0.252141207457
0.253198474646
0.254328101873
0.255529850721
0.256803005934
0.258149951696
0.259568542242
0.261059731245
0.469942182302
0.406761616468
0.367969483137
0.344168514013
0.329580038786
0.320675700903
0.315294831991
0.312103003263
0.310263723135
0.309245914221
0.308707684278
0.308422178030
0.308243840933
0.308074921370
0.307852238417
0.307539910078
0.307116240263
0.306573957205
0.305911153555
0.305136889219
0.304261416197
0.303297251463
0.302260011435
0.301164239645
0.300025552511
0.298858970404
0.297676891088
0.296494334936
0.295320600271
0.294167369604
0.293042629957
0.291955679655
0.290912955999
0.289920777082
0.288983911276
0.288107961416
0.287294477224
0.286547631025
0.285870283842
0.285264223814
0.284730643034
0.284270614386
0.283886283636
0.283577173948
0.283343642950
0.283187240362
0.283106654882
0.283103793859
0.283176869154
0.283325642347
0.283550590277
0.283851116896
0.284226983786
0.284676641226
0.285200327635
0.285797923803
0.286468237638
0.287209600210
0.288021892309
0.288904279470
0.289854735136
0.290872901678
0.291956871748
0.293104499578
0.188473194838
0.163169473410
0.148026913404
0.139018386602
0.133684128523
0.130536049604
0.128680676222
0.127584189177
0.126924961805
0.126513212919
0.126236647367
0.126029461622
0.125851362944
0.125681728125
0.125508278608
0.125325530767
0.125131338835
0.124925941229
0.124710887671
0.124487966299
0.124259799719
0.124028056860
0.123796790838
0.123568147421
0.123343557119
0.123126000166
0.122917622328
0.122719258070
0.122534841299
0.122365206480
0.122212380171
0.122076123953
0.121958464384
0.121861547232
0.121785968542
0.121732801199
0.121703356504
0.121698707342
0.121719449759
0.121767133474
0.121841758490
0.121945232153
0.122078269720
0.122242063284
0.122437089682
0.122664660215
0.122925490141
0.123221844435
0.123554795980
0.123924940825
0.124334067106
0.124784320593
0.125277847052
0.125814527273
0.126398891211
0.127032727003
0.127717465162
0.128457039595
0.129256695509
0.130117148161
0.131045073271
0.132045239210
0.133122175932
0.134283393621
0.197251170874
0.161246746778
0.140003770590
0.127607911825
0.120452016592
0.116363257170
0.114048331976
0.112741082907
0.111994594336
0.111548393965
0.111251801252
0.111020296812
0.110806912184
0.110586136580
0.110344380140
0.110076993704
0.109783500433
0.109465450048
0.109125941992
0.108767837286
0.108396500349
0.108018368483
0.107636302710
0.107256501913
0.106883019209
0.106520861387
0.106172412634
0.105842918158
0.105535238981
0.105251878500
0.104996055365
0.104769319296
0.104574769735
0.104412168264
0.104284018278
0.104190558195
0.104133099318
0.104112118483
0.104128450155
0.104181736708
0.104271858931
0.104399174452
0.104563206434
0.104763478041
0.105000227690
0.105271786451
0.105578511953
0.105918854475
0.106291741133
0.106696933508
0.107131093740
0.107594341040
0.108084291220
0.108599156141
0.109137505293
0.109694808722
0.110269874334
0.110858887434
0.111458271742
0.112064927816
0.112673372030
0.113279551268
0.113877385855
0.114460438490
0.148551434278
0.119937986135
0.102672904730
0.092395156622
0.086368173361
0.082903236151
0.080973237753
0.079956144094
0.079481452703
0.079325407743
0.079354971647
0.079491704702
0.079687207937
0.079912871122
0.080152124166
0.080392926931
0.080630391836
0.080861419439
0.081083029509
0.081295937300
0.081499069929
0.081694930792
0.081882923841
0.082065910101
0.082244724035
0.082421630621
0.082598537207
0.082777708769
0.082959860563
0.083147615194
0.083343356848
0.083547443151
0.083763331175
0.083991616964
0.084235280752
0.084494084120
0.084771007299
0.085066884756
0.085384577513
0.085725873709
0.086091250181
0.086484164000
0.086904734373
0.087357133627
0.087842911482
0.088364452124
0.088923186064
0.089524239302
0.090169399977
0.090862482786
0.091608017683
0.092408746481
0.093270629644
0.094198793173
0.095199316740
0.096276968718
0.097440212965
0.098697513342
0.100058287382
0.101530641317
0.103127211332
0.104860395193
0.106743067503
0.108791679144
0.485244959593
0.420889705420
0.381332606077
0.357015937567
0.342084139585
0.332965344191
0.327466696501
0.324228733778
0.322389811277
0.321400612593
0.320900529623
0.320650190115
0.320490688086
0.320318669081
0.320065826178
0.319692224264
0.319176882505
0.318509548903
0.317695826292
0.316744059324
0.315668314695
0.314485281706
0.313212841749
0.311869829893
0.310474246740
0.309046000242
0.307599991560
0.306151598692
0.304714888334
0.303302735090
0.301925510168
0.300593107939
0.299312323332
0.298092216253
0.296938270330
0.295855253935
0.294847935438
0.293918818235
0.293071001768
0.292306154966
0.291626304388
0.291032880545
0.290526360273
0.290107458830
0.289777606726
0.289534300566
0.289380162954
0.289312809706
0.289332836866
0.289439171553
0.289631456137
0.289909929037
0.290272086859
0.290717571974
0.291246145964
0.291855305433
0.292545884848
0.293316215277
0.294163316488
0.295088618994
0.296088546515
0.297162979841
0.298308700323
0.299525946379
0.606462717056
0.525550723076
0.475498527288
0.444890946150
0.426432937384
0.415549248457
0.409382194281
0.406138151884
0.404681771994
0.404285281897
0.404475182295
0.404939979315
0.405476301908
0.405948966742
0.406275838614
0.406407922506
0.406321138144
0.406010240316
0.405481427908
0.404752343893
0.403842657804
0.402777642012
0.401585787535
0.400294870138
0.398927420378
0.397512048483
0.396070569754
0.394623607397
0.393192023039
0.391790241003
0.390434592962
0.389137595892
0.387909024954
0.386759251356
0.385696142912
0.384724110365
0.383850544691
0.383079499006
0.382411688566
0.381853193045
0.381405204535
0.381068676710
0.380843251944
0.380732744932
0.380736559629
0.380854099989
0.381087154150
0.381433814764
0.381894916296
0.382472127676
0.383162587881
0.383968085051
0.384887546301
0.385919660330
0.387065500021
0.388323873281
0.389694064856
0.391177266836
0.392769068480
0.394471496344
0.396281212568
0.398197740316
0.400218218565
0.402341216803
0.176485389471
0.149851769209
0.134237021208
0.125268548727
0.120245546103
0.117523759604
0.116116136312
0.115439265966
0.115150302649
0.115053981543
0.115036815405
0.115037292242
0.115021795034
0.114975541830
0.114892214537
0.114770859480
0.114615291357
0.114428967237
0.114215582609
0.113983005285
0.113734215498
0.113476842642
0.113214701414
0.112952440977
0.112694710493
0.112445920706
0.112209051847
0.111988753080
0.111786216497
0.111606210470
0.111450880766
0.111320465803
0.111219614744
0.111148208380
0.111110061407
0.111104458570
0.111133664846
0.111198753119
0.111301392317
0.111442297697
0.111623495817
0.111844033003
0.112107843161
0.112413257360
0.112764447927
0.113159388304
0.113600939512
0.114091485739
0.114631265402
0.115222305059
0.115867704153
0.116568297148
0.117326349020
0.118146270514
0.119030326605
0.119981497526
0.121005028486
0.122105687857
0.123288244009
0.124558657408
0.125925153494
0.127395957708
0.128978937864
0.130687206984
0.202976793051
0.176461428404
0.160850495100
0.151782840490
0.146596401930
0.143685311079
0.142089456320
0.141239613295
0.140798181295
0.140569061041
0.140436857939
0.140337675810
0.140235394239
0.140111654997
0.139957040548
0.139770835638
0.139553397894
0.139308422804
0.139040082693
0.138752669096
0.138452261686
0.138141602278
0.137827247381
0.137513011694
0.137201994658
0.136898726225
0.136605829000
0.136326998472
0.136065214872
0.135822027922
0.135599225760
0.135400146246
0.135226458311
0.135077804327
0.134958714247
0.134868115187
0.134808152914
0.134780019522
0.134783595800
0.134822338820
0.134893268347
0.135001033545
0.135144919157
0.135324925184
0.135542482138
0.135799378157
0.136096566916
0.136432617903
0.136811584234
0.137231916189
0.137695640326
0.138203352690
0.138757675886
0.139359921217
0.140010565519
0.140711873770
0.141465634108
0.142274707556
0.143141955137
0.144069641829
0.145062297583
0.146123379469
0.147258132696
0.148471206427
0.180667489767
0.155322283506
0.140919893980
0.132836908102
0.128353804350
0.125883549452
0.124512523413
0.123715728521
0.123195499182
0.122791737318
0.122414678335
0.122023552656
0.121600240469
0.121139854193
0.120644778013
0.120122760534
0.119582146406
0.119028061628
0.118471950293
0.117917507887
0.117372125387
0.116841167212
0.116327494383
0.115836352110
0.115370124578
0.114930480719
0.114519804716
0.114138811827
0.113789290190
0.113471001387
0.113184541464
0.112930744886
0.112708657980
0.112519234419
0.112361997366
0.112236469984
0.112142652273
0.112080663443
0.112048715353
0.112046450377
0.112074583769
0.112132638693
0.112218827009
0.112333983183
0.112475723028
0.112644881010
0.112840741873
0.113060206175
0.113305777311
0.113574832678
0.113866537809
0.114179700613
0.114512532949
0.114864557981
0.115234464407
0.115619152784
0.116018503904
0.116429656744
0.116850107908
0.117277592421
0.117708295584
0.118140786886
0.118568152189
0.118988722563
0.216582864523
0.185437172651
0.166878670454
0.155721515417
0.148916691542
0.144671648741
0.141929954290
0.140068024397
0.138716667891
0.137656897306
0.136759251356
0.135947912931
0.135179251432
0.134430259466
0.133689135313
0.132951229811
0.132218092680
0.131489008665
0.130770653486
0.130063623190
0.129374593496
0.128706544638
0.128063529730
0.127447217703
0.126861065626
0.126306623220
0.125784844160
0.125297874212
0.124845832586
0.124429196119
0.124048084021
0.123701781034
0.123390048742
0.123111814260
0.122868508101
0.122657746077
0.122478455305
0.122328966856
0.122209995985
0.122120112181
0.122057050467
0.122021287680
0.122010201216
0.122024983168
0.122062891722
0.122122138739
0.122202724218
0.122303336859
0.122422665358
0.122560113668
0.122714012861
0.122882813215
0.123066514730
0.123261302710
0.123468369246
0.123684734106
0.123907893896
0.124138444662
0.124371856451
0.124606579542
0.124840945005
0.125070542097
0.125293225050
0.125503748655
0.346104949713
0.305490702391
0.280386537313
0.264965385199
0.255572766066
0.249928563833
0.246610134840
0.244729250669
0.243722170591
0.243236273527
0.243045896292
0.243005841970
0.243027895689
0.243055313826
0.243054598570
0.243006914854
0.242904394865
0.242745131254
0.242531746626
0.242270082235
0.241964191198
0.241624325514
0.241256803274
0.240868180990
0.240467756987
0.240061014891
0.239654272795
0.239253371954
0.238863319159
0.238488525152
0.238133519888
0.237801998854
0.237495869398
0.237217992544
0.236971586943
0.236758798361
0.236580699682
0.236439079046
0.236334770918
0.236269563437
0.236244171858
0.236258953810
0.236315578222
0.236414879560
0.236556619406
0.236740916967
0.236970275640
0.237242668867
0.237560480833
0.237923234701
0.238332122564
0.238788098097
0.239288657904
0.239837497473
0.240433305502
0.241076797247
0.241768807173
0.242509812117
0.243299812078
0.244139045477
0.245028346777
0.245968312025
0.246959179640
0.248000830412
0.409046024084
0.354825586081
0.321566551924
0.301089018583
0.288448184729
0.280655354261
0.275887101889
0.273012131453
0.271319597960
0.270350426435
0.269806832075
0.269489854574
0.269268840551
0.269054859877
0.268792480230
0.268447846174
0.268001288176
0.267446368933
0.266783684492
0.266019552946
0.265166014433
0.264233082533
0.263236135244
0.262189239264
0.261107057333
0.260003656149
0.258890360594
0.257780402899
0.256684511900
0.255612581968
0.254571646452
0.253571480513
0.252617329359
0.251714915037
0.250870913267
0.250088304281
0.249370306730
0.248720139265
0.248140662909
0.247634023428
0.247200816870
0.246844619513
0.246564716101
0.246362656355
0.246240109205
0.246196001768
0.246231526136
0.246345967054
0.246540397406
0.246814459562
0.247168868780
0.247601479292
0.248113125563
0.248704046011
0.249372094870
0.250116199255
0.250936836004
0.251832216978
0.252799838781
0.253839462996
0.254949182272
0.256126493216
0.257368296385
0.258673161268
0.118910998106
0.101590603590
0.092345565557
0.087639182806
0.085417598486
0.084504932165
0.084238737822
0.084253758192
0.084355205297
0.084446638823
0.084483832121
0.084452122450
0.084353178740
0.084195345640
0.083989351988
0.083746880293
0.083479493856
0.083198279142
0.082909792662
0.082623213530
0.082342833281
0.082075208426
0.081823199987
0.081591099501
0.081381171942
0.081194251776
0.081032365561
0.080897063017
0.080788940191
0.080709308386
0.080656260252
0.080632060766
0.080635279417
0.080667585135
0.080727547407
0.080815166235
0.080930560827
0.081073373556
0.081243008375
0.081439107656
0.081661671400
0.081909865141
0.082183212042
0.082480877638
0.082803457975
0.083149164915
0.083517640829
0.083907693624
0.084319680929
0.084751218557
0.085202783346
0.085672110319
0.086158245802
0.086659878492
0.087175816298
0.087704867125
0.088242858648
0.088790744543
0.089344233274
0.089900583029
0.090457409620
0.091011494398
0.091558307409
0.092094153166
0.287552207708
0.247181504965
0.223013609648
0.208698362112
0.200306504965
0.195444077253
0.192663878202
0.191096514463
0.190223902464
0.189733475447
0.189441889524
0.189237087965
0.189056605101
0.188861459494
0.188630193472
0.188352435827
0.188024491072
0.187645167112
0.187218040228
0.186746925116
0.186239093542
0.185699671507
0.185135573149
0.184554189444
0.183962076902
0.183365672827
0.182771176100
0.182184427977
0.181610196829
0.181053966284
0.180519312620
0.180010765791
0.179532855749
0.179087847471
0.178678244352
0.178306668997
0.177975267172
0.177685827017
0.177440494299
0.177240103483
0.177085608244
0.176978915930
0.176920741796
0.176910489798
0.176950067282
0.177038758993
0.177177280188
0.177365511656
0.177604287863
0.177892416716
0.178229063749
0.178616136312
0.179050892591
0.179534763098
0.180065244436
0.180643051863
0.181267112494
0.181935638189
0.182648986578
0.183406203985
0.184205502272
0.185045689344
0.185926169157
0.186846703291
0.216242760420
0.189401835203
0.173308104277
0.163698285818
0.157975643873
0.154576271772
0.152555912733
0.151346892118
0.150608986616
0.150138467550
0.149812787771
0.149559348822
0.149336308241
0.149118512869
0.148893564939
0.148654788733
0.148400396109
0.148130148649
0.147847503424
0.147553890944
0.147252768278
0.146945685148
0.146637529135
0.146330684423
0.146027535200
0.145731538534
0.145443409681
0.145167440176
0.144904464483
0.144656151533
0.144423812628
0.144209951162
0.144015520811
0.143840998411
0.143689006567
0.143558949232
0.143453091383
0.143370836973
0.143314689398
0.143283694983
0.143280237913
0.143303126097
0.143354147673
0.143434852362
0.143543690443
0.143683403730
0.143853038549
0.144053310156
0.144285410643
0.144549697638
0.144847005606
0.145177096128
0.145540684462
0.145940035582
0.146374076605
0.146844118834
0.147351115942
0.147895783186
0.148478835821
0.149102658033
0.149766415358
0.150472730398
0.151223510504
0.152018994093
0.078227847815
0.058352321386
0.048025578260
0.043144434690
0.041248172522
0.040899246931
0.041276544333
0.041932672262
0.042632311583
0.043262094259
0.043775051832
0.044159740210
0.044423669577
0.044581264257
0.044648855925
0.044641941786
0.044576853514
0.044465869665
0.044319480658
0.044147580862
0.043956011534
0.043751686811
0.043539136648
0.043322533369
0.043103784323
0.042885988951
0.042671054602
0.042459338903
0.042252749205
0.042051404715
0.041856855154
0.041668742895
0.041487663984
0.041313260794
0.041146129370
0.040986508131
0.040833801031
0.040688365698
0.040550202131
0.040418833494
0.040295213461
0.040178507566
0.040068238974
0.039965599775
0.039869040251
0.039780467749
0.039696544409
0.039619773626
0.039549082518
0.039484232664
0.039425462484
0.039371460676
0.039323538542
0.039278835058
0.039239257574
0.039203137159
0.039169758558
0.039138048887
0.039108842611
0.039079159498
0.039049118757
0.039017647505
0.038982838392
0.038944333792
0.235905259848
0.197600811720
0.174720615149
0.161022275686
0.152776807547
0.147772043943
0.144694894552
0.142770141363
0.141534894705
0.140712589025
0.140135139227
0.139701455832
0.139348000288
0.139034599066
0.138737171888
0.138439148664
0.138132065535
0.137810796499
0.137473315001
0.137121647596
0.136758297682
0.136386007071
0.136010617018
0.135636180639
0.135268777609
0.134913057089
0.134574383497
0.134256809950
0.133966535330
0.133706063032
0.133478969336
0.133289784193
0.133140534163
0.133032768965
0.132968634367
0.132950276136
0.132979005575
0.133055657148
0.133180230856
0.133353799582
0.133576720953
0.133848398924
0.134170025587
0.134539097548
0.134957641363
0.135423034430
0.135935753584
0.136494368315
0.137099117041
0.137746423483
0.138437002897
0.139168590307
0.139939039946
0.140748113394
0.141592115164
0.142469495535
0.143377512693
0.144311875105
0.145272225142
0.146252244711
0.147247880697
0.148256272078
0.149271816015
0.150286525488
0.442104786634
0.380525320768
0.343021482229
0.320393294096
0.306880801916
0.298936337233
0.294389575720
0.291915029287
0.290698379278
0.290234893560
0.290207713842
0.290410846472
0.290713757277
0.291028350592
0.291298121214
0.291485875845
0.291569679976
0.291536659002
0.291384071112
0.291115611792
0.290735572577
0.290254920721
0.289684504271
0.289038151503
0.288328856230
0.287569135427
0.286773175001
0.285951703787
0.285117357969
0.284279555082
0.283445924520
0.282628506422
0.281831711531
0.281062930822
0.280326813459
0.279627770185
0.278970688581
0.278357118368
0.277790635824
0.277272313833
0.276805490255
0.276389449835
0.276024788618
0.275713890791
0.275456041098
0.275250524282
0.275098413229
0.274998039007
0.274950236082
0.274953812361
0.275008410215
0.275113910437
0.275267213583
0.275469750166
0.275719374418
0.276015490294
0.276356428862
0.276741951704
0.277170389891
0.277639955282
0.278148978949
0.278696984053
0.279281705618
0.279900282621
0.283873528242
0.247136563063
0.225229591131
0.212287396193
0.204713910818
0.200334519148
0.197836369276
0.196433395147
0.195653647184
0.195214003325
0.194946378469
0.194750040770
0.194567888975
0.194365113974
0.194126218557
0.193842381239
0.193513482809
0.193141311407
0.192730039358
0.192284554243
0.191813081503
0.191320985556
0.190816253424
0.190302938223
0.189789146185
0.189278811216
0.188778012991
0.188290566206
0.187821477652
0.187374800444
0.186951249838
0.186557143927
0.186192959547
0.185861915350
0.185564368963
0.185303419828
0.185080975294
0.184897750616
0.184755414724
0.184653490782
0.184593886137
0.184577435255
0.184603899717
0.184675067663
0.184790462255
0.184951037169
0.185156077147
0.185407847166
0.185704439878
0.186047643423
0.186436742544
0.186870902777
0.187352269888
0.187879651785
0.188453048468
0.189073055983
0.189738005400
0.190450280905
0.191207855940
0.192011803389
0.192860811949
0.193755596876
0.194696754217
0.195683687925
0.432350605726
0.373757928610
0.338039129972
0.316330403090
0.303174942732
0.295245379210
0.290518969297
0.287757009268
0.286195725203
0.285358041525
0.284942477942
0.284755200148
0.284670919180
0.284609049559
0.284517019987
0.284364074469
0.284130901098
0.283809393644
0.283399671316
0.282903522253
0.282329648733
0.281686514616
0.280983537436
0.280233711004
0.279446929693
0.278635114431
0.277806490660
0.276973217726
0.276143640280
0.275324791670
0.274525254965
0.273750871420
0.273007601500
0.272299259901
0.271631091833
0.271007746458
0.270431131124
0.269903153181
0.269427984953
0.269006222486
0.268639534712
0.268329590559
0.268077820539
0.267884105444
0.267749756575
0.267673701048
0.267659157515
0.267703622580
0.267809003592
0.267973989248
0.268199294806
0.268484562635
0.268828839064
0.269233554602
0.269696921110
0.270218938589
0.270797938108
0.271435350180
0.272128552198
0.272877186537
0.273680418730
0.274535983801
0.275443524122
0.276400774717
0.405821055174
0.357920140028
0.328847378492
0.311418622732
0.301129788160
0.295194596052
0.291897624731
0.290184944868
0.289409011602
0.289167851210
0.289213150740
0.289388388395
0.289600580931
0.289788693190
0.289919704199
0.289976567030
0.289949744940
0.289839237928
0.289648145437
0.289382666349
0.289052695036
0.288665860891
0.288231939077
0.287759155035
0.287259668112
0.286740034819
0.286209434271
0.285675495863
0.285145252943
0.284624546766
0.284120291471
0.283636182547
0.283178061247
0.282748907804
0.282352894545
0.281994074583
0.281675308943
0.281396716833
0.281163305044
0.280975311995
0.280836194754
0.280745118856
0.280703753233
0.280714958906
0.280778497458
0.280895441771
0.281064480543
0.281289309263
0.281569093466
0.281902521849
0.282292932272
0.282737582922
0.283238500357
0.283794134855
0.284405678511
0.285073131323
0.285795301199
0.286571830511
0.287402480841
0.288287967443
0.289226502180
0.290218800306
0.291263669729
0.292360395193
0.188185423613
0.156922429800
0.138764232397
0.128440469503
0.122716039419
0.119639128447
0.118048995733
0.117264360189
0.116891711950
0.116706222296
0.116584748030
0.116459459066
0.116298764944
0.116089075804
0.115825384855
0.115511983633
0.115153282881
0.114754527807
0.114325255156
0.113870948553
0.113399952650
0.112919539213
0.112434834242
0.111950963736
0.111473888159
0.111007779837
0.110557764769
0.110126703978
0.109717458487
0.109332889318
0.108975738287
0.108648151159
0.108351320028
0.108087033033
0.107856959105
0.107660621405
0.107500523329
0.107376903296
0.107290118933
0.107240766287
0.107229083776
0.107255071402
0.107318967581
0.107421845198
0.107562154531
0.107741087675
0.107958048582
0.108212441206
0.108504384756
0.108833521605
0.109199732542
0.109602302313
0.110041588545
0.110515087843
0.111024588346
0.111567825079
0.112144201994
0.112753719091
0.113393992186
0.114065855742
0.114767760038
0.115498870611
0.116259068251
0.117047399282
0.216981023550
0.188112229109
0.171059459448
0.161140173674
0.155471175909
0.152299731970
0.150572150946
0.149660080671
0.149193137884
0.148952335119
0.148809164762
0.148694247007
0.148565381765
0.148402661085
0.148197263479
0.147945255041
0.147650092840
0.147314995527
0.146945327520
0.146547883749
0.146128028631
0.145693153143
0.145248144865
0.144799202681
0.144352644682
0.143912643194
0.143482774496
0.143069714308
0.142676085234
0.142304509878
0.141959160566
0.141642302275
0.141356319189
0.141103476286
0.140886634588
0.140705913305
0.140563935041
0.140462130308
0.140401691198
0.140384167433
0.140409082174
0.140479177237
0.140594810247
0.140757650137
0.140966862440
0.141224950552
0.141532748938
0.141890734434
0.142300695181
0.142763108015
0.143279403448
0.143850773573
0.144480317831
0.145167797804
0.145916670561
0.146728962660
0.147606939077
0.148554533720
0.149574249983
0.150671213865
0.151849716902
0.153115600348
0.154476135969
0.155937641859
0.511664628983
0.436697095633
0.391387552023
0.364135712385
0.347923845053
0.338522642851
0.333361595869
0.330848664045
0.329973667860
0.330075830221
0.330713003874
0.331580132246
0.332467764616
0.333229750395
0.333770364523
0.334024876356
0.333962768316
0.333570808172
0.332852810621
0.331824272871
0.330511182547
0.328942626715
0.327154010534
0.325178354979
0.323051661253
0.320808380842
0.318482249975
0.316100686789
0.313694328070
0.311286658049
0.308899253607
0.306552380323
0.304264038801
0.302047818899
0.299916118383
0.297881096601
0.295949429274
0.294129937887
0.292427390814
0.290846914053
0.289392441511
0.288065403700
0.286868542433
0.285802811384
0.284867137671
0.284063428640
0.283390730619
0.282846778631
0.282432645559
0.282143801451
0.281981080770
0.281941384077
0.282022207975
0.282222241163
0.282538741827
0.282968848944
0.283510535955
0.284160584211
0.284916967154
0.285776227713
0.286735147238
0.287791818380
0.288942903280
0.290184468031
0.210174053907
0.177783936262
0.157998651266
0.146028250456
0.138844698668
0.134567111731
0.132041901350
0.130564898252
0.129708975554
0.129214972258
0.128926843405
0.128749340773
0.128624290228
0.128518432379
0.128410190344
0.128288835287
0.128148764372
0.127986639738
0.127804368734
0.127602785826
0.127384990454
0.127154320478
0.126915544271
0.126672357321
0.126428693533
0.126188009977
0.125955194235
0.125733107328
0.125526636839
0.125337690115
0.125170081854
0.125026315451
0.124909371138
0.124821275473
0.124764531851
0.124742120504
0.124754756689
0.124805897474
0.124896496534
0.125028103590
0.125203222036
0.125423878431
0.125691026449
0.126008003950
0.126376122236
0.126798003912
0.127275913954
0.127812236547
0.128410071135
0.129073232412
0.129804223776
0.130608528852
0.131488770247
0.132450789213
0.133499354124
0.134642213583
0.135884374380
0.137234777212
0.138700217009
0.140292376280
0.142020195723
0.143896430731
0.145933836699
0.148147195578
0.497655361891
0.435198873281
0.396892160177
0.373685449362
0.359840959311
0.351778119802
0.347275346518
0.344951838255
0.343950599432
0.343730777502
0.343950361013
0.344391316175
0.344916075468
0.345435589552
0.345897287130
0.346270173788
0.346538752317
0.346698492765
0.346750468016
0.346702903509
0.346565335989
0.346351116896
0.346071928740
0.345740765333
0.345370262861
0.344973415136
0.344560950994
0.344143718481
0.343731492758
0.343331545591
0.342952579260
0.342599719763
0.342281669378
0.342000693083
0.341763943434
0.341572135687
0.341430634260
0.341342180967
0.341308206320
0.341330260038
0.341413229704
0.341554611921
0.341757625341
0.342022150755
0.342350572348
0.342742174864
0.343198031187
0.343717902899
0.344302862883
0.344952791929
0.345666855574
0.346444696188
0.347288101912
0.348194807768
0.349165290594
0.350198596716
0.351293891668
0.352450817823
0.353667587042
0.354943484068
0.356276124716
0.357665508986
0.359106510878
0.360599368811
0.217903226614
0.192416638136
0.177384585142
0.168596833944
0.163518041372
0.160628169775
0.159019082785
0.158145993948
0.157684892416
0.157440871000
0.157301157713
0.157197564840
0.157094568014
0.156970947981
0.156816452742
0.156630009413
0.156411498785
0.156163066626
0.155889481306
0.155596345663
0.155287832022
0.154967397451
0.154641002417
0.154312938452
0.153985947371
0.153663963079
0.153349488974
0.153046458960
0.152756541967
0.152481645346
0.152224153280
0.151985615492
0.151767104864
0.151570409536
0.151396244764
0.151245087385
0.151119679213
0.151018351316
0.150943249464
0.150894969702
0.150872439146
0.150878876448
0.150913089514
0.150975316763
0.151065558195
0.151184648275
0.151332348585
0.151510089636
0.151716798544
0.151952952147
0.152219623327
0.152515619993
0.152841180563
0.153196185827
0.153581947088
0.153996318579
0.154441803694
0.154916137457
0.155420392752
0.155954211950
0.156516164541
0.157106846571
0.157726496458
0.158373802900
0.279384940863
0.241227477789
0.218527644873
0.205114454031
0.197235316038
0.192632764578
0.189957708120
0.188400715590
0.187482327223
0.186914533377
0.186527460814
0.186219066381
0.185931771994
0.185630649328
0.185299962759
0.184930890799
0.184522122145
0.184074610472
0.183594673872
0.183086007833
0.182555407286
0.182009667158
0.181454271078
0.180896967649
0.180342882872
0.179796665907
0.179264634848
0.178749293089
0.178257197142
0.177790850401
0.177352756262
0.176946491003
0.176573485136
0.176236838102
0.175937861204
0.175677746534
0.175458759069
0.175281494856
0.175146669149
0.175055235624
0.175008982420
0.175006121397
0.175048559904
0.175136059523
0.175269812346
0.175448387861
0.175673455000
0.175943464041
0.176260799170
0.176621764898
0.177029341459
0.177481740713
0.177977770567
0.178519338369
0.179104179144
0.179731696844
0.180401653051
0.181112974882
0.181864827871
0.182655662298
0.183484643698
0.184349507093
0.185248464346
0.186180919409
0.192464679480
0.166185349226
0.151050776243
0.142398804426
0.137480229139
0.134687632322
0.133081167936
0.132119625807
0.131489008665
0.131012767553
0.130593389273
0.130178540945
0.129744261503
0.129281133413
0.128788083792
0.128268688917
0.127729266882
0.127176016569
0.126615971327
0.126056283712
0.125502198935
0.124959081411
0.124432176352
0.123924344778
0.123438805342
0.122977584600
0.122544258833
0.122138589621
0.121762841940
0.121418684721
0.121104329824
0.120822638273
0.120572060347
0.120353192091
0.120166271925
0.120010584593
0.119885772467
0.119791716337
0.119728773832
0.119694679976
0.119690030813
0.119714230299
0.119765013456
0.119844883680
0.119950383902
0.120082706213
0.120239824057
0.120421499014
0.120627015829
0.120855659246
0.121105521917
0.121376723051
0.121667116880
0.121976941824
0.122303932905
0.122647613287
0.123005360365
0.123376339674
0.123758882284
0.124149531126
0.124547809362
0.124950617552
0.125354498625
0.125756353140
0.345049828291
0.298001378775
0.269521445036
0.252468913794
0.242369025946
0.236468285322
0.233086198568
0.231202691793
0.230202525854
0.229709833860
0.229497879744
0.229425638914
0.229406803846
0.229389041662
0.229339569807
0.229240745306
0.229081839323
0.228859990835
0.228572815657
0.228225439787
0.227822512388
0.227371662855
0.226879090071
0.226352900267
0.225800961256
0.225230902433
0.224650472403
0.224067181349
0.223486512899
0.222914308310
0.222357600927
0.221820682287
0.221306651831
0.220821350813
0.220367521048
0.219946950674
0.219564050436
0.219220966101
0.218918055296
0.218657821417
0.218442529440
0.218272775412
0.218149393797
0.218072146177
0.218043893576
0.218062967062
0.218131393194
0.218247503042
0.218412131071
0.218626588583
0.218888014555
0.219197720289
0.219555467367
0.219960540533
0.220412582159
0.220910519361
0.221454113722
0.222043603659
0.222676485777
0.223353356123
0.224072664976
0.224835127592
0.225640267134
0.226486891508
0.529608488083
0.455098479986
0.409452408552
0.381576031446
0.364612191916
0.354374140501
0.348305195570
0.344824761152
0.342948526144
0.342048853636
0.341716736555
0.341680139303
0.341757506132
0.341827720404
0.341807097197
0.341645091772
0.341312736273
0.340794771910
0.340090960264
0.339207619429
0.338158220053
0.336960881948
0.335634797812
0.334201782942
0.332682341337
0.331098645926
0.329469889402
0.327814787626
0.326149910688
0.324490636587
0.322850316763
0.321242064238
0.319675058126
0.318158358335
0.316698759794
0.315304726362
0.313978880644
0.312727302313
0.311553329229
0.310458868742
0.309446543455
0.308517545462
0.307673543692
0.306914657354
0.306241363287
0.305653542280
0.305152267218
0.304735630751
0.304404705763
0.304158180952
0.303995221853
0.303915470839
0.303918451071
0.304002851248
0.304167598486
0.304412811995
0.304736226797
0.305137842894
0.305616945028
0.306172102690
0.306802600622
0.307507485151
0.308285444975
0.309134334326
0.365488141775
0.310404747725
0.276968806982
0.256541699171
0.243988603354
0.236259430647
0.231525629759
0.228671163321
0.227003663778
0.226080626249
0.225613683462
0.225406020880
0.225325793028
0.225280374289
0.225205749273
0.225062340498
0.224823683500
0.224476307631
0.224016994238
0.223448246717
0.222777456045
0.222018092871
0.221181720495
0.220285028219
0.219343513250
0.218371957541
0.217385977507
0.216398090124
0.215422481298
0.214470833540
0.213552922010
0.212678402662
0.211855143309
0.211090892553
0.210390418768
0.209759443998
0.209201902151
0.208722084761
0.208321660757
0.208003252745
0.207769125700
0.207619756460
0.207556217909
0.207580178976
0.207691162825
0.207888096571
0.208173245192
0.208545178175
0.209003180265
0.209547728300
0.210178345442
0.210892766714
0.211690992117
0.212573021650
0.213537186384
0.214582175016
0.215706557035
0.216909974813
0.218189328909
0.219543784857
0.220971792936
0.222469776869
0.224035471678
0.225667566061
0.129545062780
0.105851024389
0.092789381742
0.085808724165
0.082223027945
0.080470293760
0.079659312963
0.079290241003
0.079092472792
0.078926056623
0.078723162413
0.078457087278
0.078122347593
0.077724307775
0.077273219824
0.076780527830
0.076258748770
0.075716823339
0.075165838003
0.074612706900
0.074063867331
0.073525637388
0.073001354933
0.072494477034
0.072007268667
0.071542114019
0.071100324392
0.070682734251
0.070288747549
0.069920033216
0.069575160742
0.069254964590
0.068959444761
0.068687647581
0.068438857794
0.068212479353
0.068009227514
0.067827433348
0.067666739225
0.067526310682
0.067406505346
0.067305892706
0.067223042250
0.067158073187
0.067110985518
0.067079156637
0.067062228918
0.067060559988
0.067071646452
0.067094296217
0.067127078772
0.067169278860
0.067217916250
0.067270725965
0.067327111959
0.067383974791
0.067437499762
0.067484229803
0.067522972822
0.067546576262
0.067552417517
0.067534774542
0.067487925291
0.067404359579
0.147758573294
0.123842567205
0.110192507505
0.102635115385
0.098617762327
0.096611112356
0.095711320639
0.095392912626
0.095357507467
0.095438212156
0.095545023680
0.095633834600
0.095683544874
0.095686644316
0.095645040274
0.095561832190
0.095443457365
0.095295399427
0.095124453306
0.094936341047
0.094736903906
0.094531863928
0.094324082136
0.094119876623
0.093920439482
0.093730062246
0.093551486731
0.093387335539
0.093239873648
0.093111008406
0.093001812696
0.092913717031
0.092849105597
0.092807978392
0.092793077230
0.092802852392
0.092840403318
0.092905730009
0.092998474836
0.093121498823
0.093273490667
0.093457072973
0.093671172857
0.093917340040
0.094196885824
0.094508975744
0.094856709242
0.095238417387
0.095657318830
0.096113532782
0.096608370543
0.097143024206
0.097719043493
0.098338693380
0.099003404379
0.099715918303
0.100477784872
0.101293176413
0.102164477110
0.103094190359
0.104090660810
0.105155557394
0.106296986341
0.107520908117
0.198959797621
0.172775715590
0.157723277807
0.149199336767
0.144455403090
0.141869395971
0.140486925840
0.139757007360
0.139360755682
0.139117211103
0.138925522566
0.138735145330
0.138517349958
0.138262599707
0.137968510389
0.137638539076
0.137277215719
0.136890619993
0.136486023664
0.136068314314
0.135643333197
0.135217517614
0.134794563055
0.134378165007
0.133972972631
0.133581846952
0.133207291365
0.132851213217
0.132516473532
0.132204860449
0.131916493177
0.131654232740
0.131418555975
0.131208747625
0.131028503180
0.130876630545
0.130753844976
0.130661696196
0.130599468946
0.130567997694
0.130567401648
0.130598038435
0.130659908056
0.130753844976
0.130878657103
0.131036490202
0.131225079298
0.131445378065
0.131697505713
0.131980985403
0.132295817137
0.132641643286
0.133017867804
0.133424848318
0.133861273527
0.134325474501
0.134818881750
0.135340541601
0.135887473822
0.136460274458
0.137056559324
0.137675732374
0.138314813375
0.138972848654
0.255243271589
0.223985284567
0.205218285322
0.194038003683
0.187429040670
0.183563202620
0.181328147650
0.180054992437
0.179337948561
0.178932160139
0.178692787886
0.178528279066
0.178387254477
0.178241223097
0.178073972464
0.177877038717
0.177647918463
0.177388519049
0.177100628614
0.176789611578
0.176459163427
0.176115125418
0.175760477781
0.175401419401
0.175042122602
0.174686163664
0.174338787794
0.174000710249
0.173677295446
0.173369973898
0.173082798719
0.172816723585
0.172574132681
0.172356814146
0.172165483236
0.172003239393
0.171871036291
0.171768993139
0.171699017286
0.171662181616
0.171658009291
0.171688884497
0.171754688025
0.171856015921
0.171994179487
0.172168344259
0.172381728888
0.172632664442
0.172922939062
0.173251956701
0.173621147871
0.174030989408
0.174483031034
0.174976199865
0.175512880087
0.176092714071
0.176717489958
0.177387326956
0.178105086088
0.178871721029
0.179687947035
0.180556863546
0.181479901075
0.182461470366
0.424955338240
0.370484560728
0.337023586035
0.316559523344
0.304108709097
0.296596020460
0.292127102613
0.289527863264
0.288067430258
0.287281841040
0.286881297827
0.286680907011
0.286560744047
0.286447733641
0.286297529936
0.286083549261
0.285795181990
0.285428732634
0.284986823797
0.284476608038
0.283905953169
0.283286064863
0.282627552748
0.281942099333
0.281238764524
0.280528753996
0.279819577932
0.279122322798
0.278442472219
0.277786463499
0.277161806822
0.276573747396
0.276025980711
0.275522083044
0.275067061186
0.274662822485
0.274313420057
0.274019092321
0.273783415556
0.273606389761
0.273490995169
0.273438185453
0.273448437452
0.273521631956
0.273661106825
0.273866146803
0.274137467146
0.274475306273
0.274881690741
0.275354474783
0.275896281004
0.276505678892
0.277184575796
0.277931064367
0.278747051954
0.279631346464
0.280584901571
0.281605929136
0.282695502043
0.283852428198
0.285075277090
0.286364644766
0.287716358900
0.289133042097
0.215237945318
0.187205284834
0.170222491026
0.159963458776
0.153772562742
0.150033801794
0.147768586874
0.146383732557
0.145521372557
0.144963711500
0.144580930471
0.144291132689
0.144048422575
0.143825024366
0.143604844809
0.143377393484
0.143140405416
0.142892807722
0.142634958029
0.142368167639
0.142094820738
0.141817897558
0.141538351774
0.141262382269
0.140988916159
0.140722841024
0.140465348959
0.140218585730
0.139985531569
0.139767378569
0.139566153288
0.139381855726
0.139218300581
0.139075487852
0.138955682516
0.138858884573
0.138786643744
0.138740628958
0.138722032309
0.138729542494
0.138766258955
0.138832181692
0.138929218054
0.139056891203
0.139217704535
0.139411300421
0.139639705420
0.139903753996
0.140204042196
0.140541404486
0.140918344259
0.141335099936
0.141794055700
0.142296403646
0.142844289541
0.143439382315
0.144083827734
0.144780725241
0.145533174276
0.146344274282
0.147215574980
0.148154824972
0.149165004492
0.150252074003
0.483144491911
0.419116467237
0.379711121321
0.355479210615
0.340601414442
0.331512540579
0.326020091772
0.322767823935
0.320899695158
0.319869130850
0.319326370955
0.319036215544
0.318846553564
0.318658798933
0.318408578634
0.318056911230
0.317584484816
0.316984027624
0.316256493330
0.315409868956
0.314456909895
0.313412040472
0.312291830778
0.311111539602
0.309888809919
0.308637589216
0.307373970747
0.306111067533
0.304859489202
0.303631991148
0.302437394857
0.301284760237
0.300179690123
0.299129933119
0.298139780760
0.297213524580
0.296356409788
0.295569747686
0.294856041670
0.294218868017
0.293658822775
0.293176978827
0.292774289846
0.292451947927
0.292208880186
0.292047351599
0.291966766119
0.291965812445
0.292045205832
0.292204827070
0.292444556952
0.292764276266
0.293162435293
0.293638199568
0.294192403555
0.294823974371
0.295531004667
0.296314448118
0.297173351049
0.298105806112
0.299110382795
0.300187081099
0.301333636045
0.302548974752
0.482326477766
0.416312187910
0.376131743193
0.351702183485
0.336931318045
0.328139036894
0.323077410460
0.320353001356
0.319078058004
0.318675011396
0.318758577108
0.319068759680
0.319426625967
0.319711655378
0.319847196341
0.319781392813
0.319490641356
0.318966001272
0.318210452795
0.317237943411
0.316068619490
0.314725488424
0.313233464956
0.311619967222
0.309910744429
0.308131188154
0.306305497885
0.304455608130
0.302601188421
0.300760477781
0.298950046301
0.297183245420
0.295472949743
0.293828576803
0.292259901762
0.290774673223
0.289377421141
0.288076251745
0.286872714758
0.285770744085
0.284773200750
0.283881157637
0.283096402884
0.282420128584
0.281852453947
0.281392186880
0.281040996313
0.280796378851
0.280658692122
0.280626147985
0.280698388815
0.280872911215
0.281148761511
0.281524509192
0.281997770071
0.282567471266
0.283231228590
0.283986061811
0.284831494093
0.285763233900
0.286780327559
0.287880033255
0.289059370756
0.290315002203
0.136520594358
0.110990971327
0.096732825041
0.089067071676
0.085161179304
0.083332866430
0.082604140043
0.082415074110
0.082454293966
0.082556456327
0.082638233900
0.082659453154
0.082609385252
0.082488864660
0.082303494215
0.082064241171
0.081781715155
0.081464022398
0.081122606993
0.080764383078
0.080397099257
0.080026954412
0.079658955336
0.079296916723
0.078945010900
0.078606218100
0.078282445669
0.077976793051
0.077689260244
0.077422708273
0.077177494764
0.076954215765
0.076753348112
0.076575845480
0.076420515776
0.076289504766
0.076182812452
0.076099604368
0.076039284468
0.076003402472
0.075990170240
0.076000660658
0.076034277678
0.076090425253
0.076170176268
0.076272457838
0.076396554708
0.076541990042
0.076709240675
0.076897591352
0.077106565237
0.077334731817
0.077581614256
0.077848285437
0.078131645918
0.078431934118
0.078747838736
0.079078525305
0.079422444105
0.079777926207
0.080144137144
0.080518692732
0.080901831388
0.081289142370
0.267827242613
0.232206553221
0.211062520742
0.198572367430
0.191228121519
0.186925977468
0.184414476156
0.182943314314
0.182066172361
0.181516021490
0.181134670973
0.180829256773
0.180544227362
0.180249184370
0.179930776358
0.179580777884
0.179199188948
0.178786247969
0.178349345922
0.177892178297
0.177419513464
0.176938623190
0.176454156637
0.175971120596
0.175494879484
0.175029724836
0.174578040838
0.174145311117
0.173733443022
0.173345893621
0.172983974218
0.172649949789
0.172346085310
0.172073334455
0.171832889318
0.171626418829
0.171455472708
0.171318620443
0.171218603849
0.171154826880
0.171129196882
0.171140879393
0.171190470457
0.171278804541
0.171405881643
0.171572417021
0.171778172255
0.172023028135
0.172307819128
0.172633379698
0.172998279333
0.173403590918
0.173848837614
0.174334257841
0.174859374762
0.175425022840
0.176029652357
0.176674216986
0.177357643843
0.178079813719
0.178840011358
0.179635971785
0.180467694998
0.181333154440
0.217298954725
0.186047762632
0.167343705893
0.156335443258
0.149969786406
0.146359771490
0.144357293844
0.143272131681
0.142691701651
0.142372578382
0.142172187567
0.142008870840
0.141835063696
0.141626209021
0.141369789839
0.141061633825
0.140701383352
0.140292853117
0.139842122793
0.139354199171
0.138835400343
0.138293474913
0.137734740973
0.137167781591
0.136597841978
0.136031359434
0.135474652052
0.134932845831
0.134411424398
0.133915990591
0.133449643850
0.133016556501
0.132620066404
0.132264107466
0.131949871778
0.131681650877
0.131460517645
0.131290286779
0.131171196699
0.131106346846
0.131096929312
0.131143659353
0.131249278784
0.131415575743
0.131642311811
0.131933897734
0.132290214300
0.132713645697
0.133206576109
0.133769482374
0.134407013655
0.135120123625
0.135914415121
0.136791199446
0.137755244970
0.138811200857
0.139964193106
0.141220897436
0.142587155104
0.144072979689
0.145684808493
0.147435635328
0.149335950613
0.151400893927
0.261221736670
0.219176620245
0.193960756063
0.178779333830
0.169587582350
0.163989275694
0.160565584898
0.158472388983
0.157201141119
0.156441181898
0.156001418829
0.155757397413
0.155628174543
0.155559390783
0.155513375998
0.155463904142
0.155391305685
0.155289024115
0.155146688223
0.154963821173
0.154741734266
0.154485076666
0.154197305441
0.153886646032
0.153559774160
0.153225511312
0.152890771627
0.152564495802
0.152253717184
0.151964634657
0.151705354452
0.151479810476
0.151292294264
0.151148885489
0.151053756475
0.151008218527
0.151016205549
0.151079982519
0.151200264692
0.151379674673
0.151618212461
0.151916116476
0.152275770903
0.152694910765
0.153175801039
0.153717368841
0.154318064451
0.154978722334
0.155697911978
0.156475275755
0.157308548689
0.158197611570
0.159140795469
0.160136073828
0.161183565855
0.162279337645
0.163420885801
0.164607733488
0.165836185217
0.167103141546
0.168405145407
0.169738024473
0.171097964048
0.172478884459
0.321780890226
0.284017771482
0.261287778616
0.247759789228
0.239813417196
0.235228031874
0.232649177313
0.231251567602
0.230533808470
0.230191797018
0.230038136244
0.229959577322
0.229890078306
0.229790538549
0.229637473822
0.229422301054
0.229142278433
0.228798836470
0.228396147490
0.227942198515
0.227442473173
0.226906388998
0.226340979338
0.225753158331
0.225153416395
0.224545449018
0.223937600851
0.223335117102
0.222743242979
0.222168058157
0.221613496542
0.221083968878
0.220581859350
0.220110744238
0.219674438238
0.219274133444
0.218912571669
0.218592494726
0.218313187361
0.218079060316
0.217889994383
0.217747181654
0.217651695013
0.217604249716
0.217606514692
0.217658847570
0.217760771513
0.217914909124
0.218120187521
0.218377679586
0.218687862158
0.219051450491
0.219469040632
0.219939917326
0.220466345549
0.221048444510
0.221685856581
0.222381085157
0.223135322332
0.223948091269
0.224821776152
0.225759476423
0.226762026548
0.227831810713
0.396713703871
0.351403206587
0.324065893888
0.307829946280
0.298377722502
0.293036311865
0.290165871382
0.288763254881
0.288211435080
0.288133472204
0.288296550512
0.288554996252
0.288821786642
0.289043992758
0.289190381765
0.289244025946
0.289200633764
0.289056628942
0.288819402456
0.288493245840
0.288088172674
0.287614196539
0.287079304457
0.286496728659
0.285873264074
0.285220354795
0.284545630217
0.283858031034
0.283166140318
0.282475322485
0.281793326139
0.281125277281
0.280477494001
0.279853314161
0.279259055853
0.278696268797
0.278169602156
0.277681916952
0.277236074209
0.276833623648
0.276478618383
0.276170700788
0.275912493467
0.275705426931
0.275551408529
0.275450199842
0.275403350592
0.275411695242
0.275476902723
0.275596827269
0.275774925947
0.276010483503
0.276303380728
0.276654094458
0.277064532042
0.277532547712
0.278059810400
0.278646439314
0.279292553663
0.280000060797
0.280768603086
0.281598180532
0.282491892576
0.283449739218
0.478133410215
0.410172313452
0.368783086538
0.343671292067
0.328500598669
0.319415301085
0.314072936773
0.311043947935
0.309443801641
0.308714598417
0.308499902487
0.308564752340
0.308754056692
0.308958739042
0.309109538794
0.309159129858
0.309079021215
0.308853715658
0.308479636908
0.307956665754
0.307296127081
0.306508034468
0.305608004332
0.304612606764
0.303537219763
0.302400201559
0.301216572523
0.300002425909
0.298772662878
0.297539085150
0.296313971281
0.295107215643
0.293928474188
0.292786329985
0.291686266661
0.290635079145
0.289637893438
0.288697212934
0.287818521261
0.287002533674
0.286252468824
0.285570114851
0.284955590963
0.284411519766
0.283938020468
0.283533900976
0.283201187849
0.282939046621
0.282747358084
0.282625526190
0.282573550940
0.282589882612
0.282675117254
0.282828062773
0.283048003912
0.283333271742
0.283685296774
0.284100025892
0.284578531981
0.285119026899
0.285721272230
0.286382406950
0.287101477385
0.287877649069
0.234156221151
0.203377693892
0.184386104345
0.172640055418
0.165339916945
0.160766452551
0.157866567373
0.155996292830
0.154758781195
0.153906911612
0.153290957212
0.152815312147
0.152420252562
0.152070850134
0.151743739843
0.151425808668
0.151110023260
0.150791734457
0.150470346212
0.150145143270
0.149817794561
0.149489849806
0.149162858725
0.148838847876
0.148520559072
0.148208230734
0.147906154394
0.147614568472
0.147335499525
0.147070854902
0.146822065115
0.146590083838
0.146376818419
0.146183580160
0.146010726690
0.145858615637
0.145730584860
0.145625680685
0.145545333624
0.145490378141
0.145461291075
0.145459622145
0.145485728979
0.145539730787
0.145623773336
0.145737260580
0.145882099867
0.146059125662
0.146267861128
0.146510928869
0.146788090467
0.147101014853
0.147450894117
0.147838324308
0.148265212774
0.148732036352
0.149242371321
0.149795502424
0.150394767523
0.151042193174
0.151740163565
0.152492254972
0.153300851583
0.154169768095
0.159615725279
0.126616448164
0.107380241156
0.096275061369
0.089911311865
0.086276501417
0.084182351828
0.082941025496
0.082155078650
0.081599444151
0.081150382757
0.080738991499
0.080332607031
0.079914659262
0.079480379820
0.079029887915
0.078564733267
0.078091114759
0.077613204718
0.077136605978
0.076665252447
0.076202481985
0.075752109289
0.075318545103
0.074904173613
0.074511259794
0.074140042067
0.073792427778
0.073471277952
0.073174566031
0.072904795408
0.072660416365
0.072442978621
0.072251290083
0.072085231543
0.071944326162
0.071828573942
0.071735709906
0.071667164564
0.071620434523
0.071596354246
0.071593135595
0.071608632803
0.071644276381
0.071696609259
0.071766108274
0.071850389242
0.071948856115
0.072059124708
0.072180122137
0.072309941053
0.072444528341
0.072584480047
0.072724312544
0.072863906622
0.072997897863
0.073121637106
0.073232382536
0.073325842619
0.073395699263
0.073435395956
0.073438256979
0.073398679495
0.073305815458
0.278837293386
0.242046564817
0.219754785299
0.206469267607
0.198678582907
0.194191664457
0.191658228636
0.190255969763
0.189489930868
0.189062207937
0.188791722059
0.188571900129
0.188339680433
0.188057869673
0.187705725431
0.187272042036
0.186755031347
0.186154931784
0.185476034880
0.184724301100
0.183908432722
0.183036297560
0.182117551565
0.181161612272
0.180178016424
0.179174989462
0.178161948919
0.177147001028
0.176139444113
0.175144642591
0.174170345068
0.173223108053
0.172308057547
0.171431273222
0.170597881079
0.169810742140
0.169076174498
0.168395012617
0.167773336172
0.167211979628
0.166716545820
0.166287630796
0.165927737951
0.165641278028
0.165429085493
0.165294021368
0.165238589048
0.165265053511
0.165375918150
0.165573805571
0.165861457586
0.166242808104
0.166721194983
0.167299360037
0.167982786894
0.168776482344
0.169685214758
0.170715540648
0.171875923872
0.173173874617
0.174618691206
0.176223129034
0.177999943495
0.179962247610
0.220816820860
0.192341297865
0.175260871649
0.165107816458
0.159128993750
0.155642718077
0.153632372618
0.152486175299
0.151836961508
0.151462525129
0.151231974363
0.151066392660
0.150922983885
0.150773614645
0.150604218245
0.150410383940
0.150188773870
0.149940341711
0.149669617414
0.149378746748
0.149071663618
0.148754686117
0.148430675268
0.148104518652
0.147779911757
0.147460550070
0.147150725126
0.146853059530
0.146571129560
0.146307796240
0.146065801382
0.145845741034
0.145651906729
0.145485013723
0.145346969366
0.145240038633
0.145164936781
0.145123332739
0.145115703344
0.145145863295
0.145211428404
0.145316332579
0.145460575819
0.145645350218
0.145871967077
0.146141976118
0.146456211805
0.146816462278
0.147224038839
0.147680252790
0.148186892271
0.148746103048
0.149360030890
0.150030225515
0.150760978460
0.151553362608
0.152411788702
0.153340309858
0.154344171286
0.155425995588
0.156593650579
0.157852143049
0.159211009741
0.160676211119
0.400129169226
0.348143190145
0.316555708647
0.297521561384
0.286151617765
0.279441207647
0.275555938482
0.273374050856
0.272211879492
0.271645992994
0.271415799856
0.271359056234
0.271372646093
0.271393626928
0.271384805441
0.271321386099
0.271192401648
0.270996540785
0.270730704069
0.270400851965
0.270013540983
0.269574612379
0.269093364477
0.268579453230
0.268039077520
0.267481654882
0.266914576292
0.266345351934
0.265781253576
0.265226930380
0.264688581228
0.264170259237
0.263678044081
0.263215154409
0.262784093618
0.262388676405
0.262030452490
0.261712878942
0.261437863111
0.261206477880
0.261020392179
0.260880440474
0.260788768530
0.260745018721
0.260750383139
0.260805338621
0.260910242796
0.261065095663
0.261271208525
0.261527150869
0.261834114790
0.262191146612
0.262599200010
0.263057082891
0.263564914465
0.264121264219
0.264727085829
0.265380233526
0.266081303358
0.266829103231
0.267622083426
0.268459051847
0.269340246916
0.270263642073
0.269561499357
0.234178751707
0.213038891554
0.200419992208
0.192888826132
0.188388675451
0.185689538717
0.184053152800
0.183033317327
0.182360380888
0.181871980429
0.181469887495
0.181096643209
0.180717676878
0.180316537619
0.179884046316
0.179418057203
0.178921073675
0.178395956755
0.177848547697
0.177283972502
0.176707953215
0.176127523184
0.175545543432
0.174969166517
0.174401849508
0.173848837614
0.173312276602
0.172796219587
0.172302335501
0.171834796667
0.171393960714
0.170981973410
0.170600742102
0.170251697302
0.169935792685
0.169652670622
0.169405430555
0.169192999601
0.169017404318
0.168877452612
0.168774932623
0.168709129095
0.168682307005
0.168691843748
0.168740600348
0.168828338385
0.168954461813
0.169120639563
0.169325679541
0.169571131468
0.169856876135
0.170183151960
0.170549958944
0.170957416296
0.171407312155
0.171897619963
0.172428816557
0.173002213240
0.173617333174
0.174272269011
0.174968570471
0.175704210997
0.176479548216
0.208437770605
0.182570189238
0.167609781027
0.159069865942
0.154274314642
0.151636332273
0.150221437216
0.149481743574
0.149096935987
0.148884505033
0.148737519979
0.148600190878
0.148442357779
0.148249715567
0.148018211126
0.147751063108
0.147449344397
0.147119253874
0.146767944098
0.146399587393
0.146021336317
0.145636886358
0.145251840353
0.144870489836
0.144496887922
0.144132107496
0.143783301115
0.143448799849
0.143133491278
0.142838209867
0.142564624548
0.142313569784
0.142087429762
0.141887277365
0.141713112593
0.141565412283
0.141446441412
0.141354769468
0.141292184591
0.141259402037
0.141255348921
0.141281694174
0.141337722540
0.141423791647
0.141540735960
0.141688197851
0.141866534948
0.142074674368
0.142314165831
0.142583340406
0.142884820700
0.143214911222
0.143575161695
0.143966168165
0.144385904074
0.144835561514
0.145313113928
0.145819038153
0.146352618933
0.146912544966
0.147498339415
0.148108571768
0.148741692305
0.149396151304
0.394412726164
0.348198622465
0.320083588362
0.303169816732
0.293140143156
0.287318915129
0.284058779478
0.282342284918
0.281540840864
0.281263917685
0.281268566847
0.281401962042
0.281573027372
0.281722635031
0.281818836927
0.281844228506
0.281792372465
0.281662434340
0.281457513571
0.281186193228
0.280855149031
0.280474275351
0.280053466558
0.279601305723
0.279126614332
0.278638929129
0.278145164251
0.277652591467
0.277168601751
0.276698440313
0.276248067617
0.275821536779
0.275423258543
0.275058239698
0.274727910757
0.274434775114
0.274184435606
0.273975819349
0.273812621832
0.273696988821
0.273628562689
0.273610323668
0.273642629385
0.273726791143
0.273862689734
0.274051994085
0.274295419455
0.274593561888
0.274945706129
0.275352686644
0.275814622641
0.276333659887
0.276907414198
0.277537316084
0.278223127127
0.278964728117
0.279762595892
0.280615419149
0.281523555517
0.282487481833
0.283504933119
0.284577816725
0.285704106092
0.286884158850
0.427830666304
0.367441862822
0.330650657415
0.308493942022
0.295321315527
0.287636488676
0.283295840025
0.280987709761
0.279907792807
0.279558032751
0.279625982046
0.279913395643
0.280287593603
0.280666559935
0.280991882086
0.281228274107
0.281352609396
0.281354159117
0.281229227781
0.280980437994
0.280613631010
0.280140966177
0.279571861029
0.278921693563
0.278204172850
0.277433246374
0.276622146368
0.275785177946
0.274933189154
0.274077981710
0.273228734732
0.272394388914
0.271582573652
0.270800203085
0.270052641630
0.269345015287
0.268680304289
0.268063157797
0.267494648695
0.266977876425
0.266514390707
0.266104191542
0.265748471022
0.265446871519
0.265201181173
0.265009611845
0.264872521162
0.264787644148
0.264757722616
0.264778465033
0.264850705862
0.264972537756
0.265143483877
0.265361756086
0.265626043081
0.265935391188
0.266287654638
0.266682595015
0.267116755247
0.267589539289
0.268099039793
0.268643230200
0.269220083952
0.269828408957
0.543176889420
0.466982096434
0.420262068510
0.391713470221
0.374338597059
0.363858669996
0.357653707266
0.354108899832
0.352208584547
0.351307481527
0.350982397795
0.350953072309
0.351031035185
0.351089924574
0.351046174765
0.350847333670
0.350462526083
0.349878281355
0.349096745253
0.348122805357
0.346973031759
0.345667690039
0.344226568937
0.342672914267
0.341029495001
0.339318960905
0.337562650442
0.335779398680
0.333987444639
0.332202404737
0.330438941717
0.328709095716
0.327024787664
0.325393050909
0.323823660612
0.322322100401
0.320893853903
0.319544404745
0.318275779486
0.317091554403
0.315993398428
0.314983338118
0.314062088728
0.313230603933
0.312489002943
0.311836332083
0.311273783445
0.310801118612
0.310417503119
0.310121744871
0.309913367033
0.309792131186
0.309757202864
0.309807509184
0.309941858053
0.310160368681
0.310460776091
0.310844868422
0.311308234930
0.311852544546
0.312475889921
0.313177794218
0.313956707716
0.314811438322
0.169177740812
0.142832249403
0.127883762121
0.119554370642
0.115002363920
0.112561434507
0.111264199018
0.110558837652
0.110133498907
0.109820336103
0.109527319670
0.109212011099
0.108856528997
0.108456701040
0.108015984297
0.107540696859
0.107039898634
0.106520622969
0.105990976095
0.105458229780
0.104929059744
0.104407280684
0.103898853064
0.103407353163
0.102934688330
0.102484554052
0.102059692144
0.101659864187
0.101287692785
0.100943416357
0.100627750158
0.100341647863
0.100084990263
0.099858611822
0.099661558867
0.099495261908
0.099359005690
0.099252194166
0.099174946547
0.099128216505
0.099109858274
0.099120825529
0.099160879850
0.099228471518
0.099323719740
0.099447101355
0.099596828222
0.099772423506
0.099974006414
0.100199431181
0.100449532270
0.100722163916
0.101015537977
0.101329177618
0.101661175489
0.102010577917
0.102374404669
0.102749675512
0.103136032820
0.103529661894
0.103925913572
0.104323476553
0.104716271162
0.105100721121
0.310297220945
0.271728962660
0.248457401991
0.234518855810
0.226239413023
0.221379488707
0.218575805426
0.216995805502
0.216137140989
0.215688437223
0.215459913015
0.215336650610
0.215249150991
0.215156763792
0.215034693480
0.214872807264
0.214666217566
0.214416474104
0.214125245810
0.213798612356
0.213442772627
0.213063448668
0.212668031454
0.212261408567
0.211849540472
0.211438864470
0.211034387350
0.210640400648
0.210260003805
0.209898680449
0.209558099508
0.209242314100
0.208953469992
0.208693474531
0.208465069532
0.208268731833
0.208107441664
0.207980602980
0.207890957594
0.207839339972
0.207826465368
0.207852333784
0.207918494940
0.208025544882
0.208173841238
0.208364337683
0.208596438169
0.208871930838
0.209190815687
0.209552735090
0.209958523512
0.210409492254
0.210904210806
0.211444228888
0.212029427290
0.212660044432
0.213335961103
0.214058369398
0.214826434851
0.215641111135
0.216502994299
0.217411011457
0.218366354704
0.219367951155
0.128482788801
0.107254952192
0.095236390829
0.088645905256
0.085190862417
0.083505719900
0.082785576582
0.082569688559
0.082596868277
0.082722038031
0.082869380713
0.083001106977
0.083099812269
0.083160966635
0.083184808493
0.083176106215
0.083138674498
0.083079665899
0.083002418280
0.082912415266
0.082813590765
0.082708567381
0.082603186369
0.082499116659
0.082398384809
0.082303136587
0.082216590643
0.082139819860
0.082074254751
0.082022160292
0.081984370947
0.081961482763
0.081954091787
0.081964462996
0.081993550062
0.082041114569
0.082109183073
0.082197040319
0.082307070494
0.082438796759
0.082593768835
0.082771152258
0.082975238562
0.083203524351
0.083458155394
0.083740681410
0.084052175283
0.084391683340
0.084762424231
0.085165232420
0.085602015257
0.086073845625
0.086583584547
0.087130993605
0.087721079588
0.088354915380
0.089036554098
0.089767426252
0.090552419424
0.091396421194
0.092303007841
0.093278616667
0.094329327345
0.095462411642
0.281297653913
0.235282748938
0.207408636808
0.190328806639
0.179739564657
0.173113673925
0.168949812651
0.166343659163
0.164735287428
0.163772910833
0.163222998381
0.162931650877
0.162791341543
0.162728518248
0.162690132856
0.162640780210
0.162558048964
0.162427991629
0.162244409323
0.162007302046
0.161719411612
0.161388486624
0.161022871733
0.160632103682
0.160226553679
0.159816950560
0.159413069487
0.159024089575
0.158659428358
0.158326596022
0.158031672239
0.157781571150
0.157581776381
0.157435029745
0.157345503569
0.157317131758
0.157351225615
0.157448619604
0.157611340284
0.157840341330
0.158135384321
0.158497422934
0.158926099539
0.159420698881
0.159981340170
0.160607069731
0.161297172308
0.162050217390
0.162867158651
0.163745015860
0.164683550596
0.165682405233
0.166739553213
0.167854517698
0.169026464224
0.170253008604
0.171534150839
0.172867149115
0.174251765013
0.175684422255
0.177164524794
0.178689569235
0.180256336927
0.181863754988
0.152898520231
0.126393526793
0.111421674490
0.103133171797
0.098643034697
0.096262425184
0.095012754202
0.094337314367
0.093926876783
0.093613237143
0.093310087919
0.092977613211
0.092599004507
0.092174261808
0.091706842184
0.091205090284
0.090679019690
0.090136617422
0.089586704969
0.089035719633
0.088489979506
0.087955445051
0.087435454130
0.086934894323
0.086454600096
0.085998266935
0.085566133261
0.085161060095
0.084783166647
0.084432452917
0.084109753370
0.083815783262
0.083548992872
0.083309978247
0.083098977804
0.082914680243
0.082758277655
0.082627862692
0.082523435354
0.082445591688
0.082391589880
0.082363098860
0.082357734442
0.082376807928
0.082417935133
0.082480639219
0.082564681768
0.082668513060
0.082791417837
0.082932442427
0.083089917898
0.083262652159
0.083449453115
0.083646744490
0.083854526281
0.084069460630
0.084289163351
0.084510892630
0.084730714560
0.084944695234
0.085149854422
0.085340350866
0.085512012243
0.085657447577
0.499265164137
0.429272145033
0.386890262365
0.361332386732
0.346078962088
0.337198346853
0.332291811705
0.329867810011
0.328978031874
0.329000204802
0.329517334700
0.330246299505
0.330989092588
0.331615179777
0.332035273314
0.332194656134
0.332065075636
0.331638425589
0.330919951200
0.329926460981
0.328680485487
0.327211350203
0.325549572706
0.323727816343
0.321777790785
0.319730013609
0.317613810301
0.315456598997
0.313281983137
0.311112016439
0.308966726065
0.306863039732
0.304815977812
0.302837938070
0.300940483809
0.299133390188
0.297422617674
0.295815080404
0.294316858053
0.292930930853
0.291660398245
0.290507286787
0.289474099874
0.288560837507
0.287768930197
0.287096828222
0.286546677351
0.286114305258
0.285800307989
0.285604566336
0.285523027182
0.285556644201
0.285701960325
0.285957783461
0.286320894957
0.286790698767
0.287363499403
0.288037508726
0.288811296225
0.289679735899
0.290643185377
0.291696876287
0.292838901281
0.294065684080
0.369051903486
0.326983898878
0.300919383764
0.284903615713
0.275177568197
0.269383281469
0.266041129827
0.264215797186
0.263314932585
0.262960046530
0.262907952070
0.263004630804
0.263151735067
0.263286560774
0.263375490904
0.263398140669
0.263345688581
0.263218373060
0.263019889593
0.262755721807
0.262436598539
0.262071341276
0.261669248343
0.261239618063
0.260792344809
0.260336130857
0.259878605604
0.259425848722
0.258985847235
0.258563727140
0.258164733648
0.257792562246
0.257451981306
0.257145136595
0.256876319647
0.256648153067
0.256462186575
0.256319850683
0.256223648787
0.256175726652
0.256175488234
0.256226152182
0.256326764822
0.256478995085
0.256684392691
0.256943076849
0.257255762815
0.257622808218
0.258046358824
0.258524745703
0.259061187506
0.259653896093
0.260303944349
0.261013001204
0.261780709028
0.262608379126
0.263496488333
0.264444917440
0.265454500914
0.266525596380
0.267659395933
0.268855184317
0.270113795996
0.271435827017
0.397753447294
0.353177160025
0.325997680426
0.309639900923
0.299968093634
0.294404715300
0.291351526976
0.289817422628
0.289185255766
0.289068669081
0.289225548506
0.289504855871
0.289812058210
0.290091007948
0.290309280157
0.290447086096
0.290500372648
0.290466755629
0.290351599455
0.290162414312
0.289907306433
0.289595574141
0.289237469435
0.288842171431
0.288419097662
0.287977188826
0.287523835897
0.287067502737
0.286613792181
0.286169856787
0.285740464926
0.285330265760
0.284945577383
0.284587472677
0.284261316061
0.283969134092
0.283714026213
0.283497899771
0.283323138952
0.283191651106
0.283104747534
0.283064216375
0.283069461584
0.283124178648
0.283227533102
0.283381432295
0.283584803343
0.283840388060
0.284146994352
0.284505933523
0.284917205572
0.285381048918
0.285898774862
0.286468714476
0.287092298269
0.287769526243
0.288499921560
0.289283722639
0.290121763945
0.291012138128
0.291957229376
0.292954772711
0.294006198645
0.295110553503
0.223868340254
0.189416378736
0.168985694647
0.157087177038
0.150293916464
0.146501868963
0.144442886114
0.143357485533
0.142798632383
0.142505973577
0.142329066992
0.142183750868
0.142022460699
0.141822904348
0.141572088003
0.141268223524
0.140912264585
0.140506595373
0.140058964491
0.139573663473
0.139058440924
0.138518899679
0.137963145971
0.137395471334
0.136824578047
0.136253684759
0.135690301657
0.135138124228
0.134602636099
0.134086817503
0.133595913649
0.133132427931
0.132699817419
0.132300466299
0.131936639547
0.131610840559
0.131325930357
0.131082862616
0.130882591009
0.130727380514
0.130617588758
0.130554407835
0.130539387465
0.130573362112
0.130656450987
0.130790084600
0.130974739790
0.131210654974
0.131498545408
0.131838649511
0.132232278585
0.132679790258
0.133182734251
0.133739441633
0.134353965521
0.135024279356
0.135752648115
0.136542171240
0.137392014265
0.138305634260
0.139286011457
0.140335649252
0.141458243132
0.142659872770
0.361198037863
0.307916849852
0.275622934103
0.255945175886
0.243882983923
0.236462086439
0.231902092695
0.229119747877
0.227450221777
0.226471632719
0.225914210081
0.225596994162
0.225401610136
0.225245803595
0.225074857473
0.224852293730
0.224556773901
0.224176853895
0.223709076643
0.223155707121
0.222524017096
0.221821993589
0.221062272787
0.220257371664
0.219419568777
0.218562334776
0.217696875334
0.216835945845
0.215988963842
0.215166896582
0.214377850294
0.213629096746
0.212927907705
0.212279886007
0.211689442396
0.211162537336
0.210701435804
0.210308521986
0.209986537695
0.209739655256
0.209565967321
0.209468454123
0.209447115660
0.209504336119
0.209638446569
0.209849923849
0.210140436888
0.210507839918
0.210953325033
0.211475580931
0.212075203657
0.212750285864
0.213501304388
0.214327186346
0.215226620436
0.216199010611
0.217243641615
0.218359678984
0.219543904066
0.220797032118
0.222114771605
0.223497122526
0.224940985441
0.226442426443
0.244311898947
0.208554953337
0.187414735556
0.175052255392
0.167901724577
0.163810461760
0.161492675543
0.160184472799
0.159433931112
0.158977836370
0.158660739660
0.158393830061
0.158127635717
0.157835930586
0.157505482435
0.157130688429
0.156713217497
0.156256526709
0.155763477087
0.155242174864
0.154699057341
0.154139369726
0.153571099043
0.152999132872
0.152432173491
0.151870697737
0.151324599981
0.150795429945
0.150289148092
0.149807423353
0.149356335402
0.148935884237
0.148550719023
0.148200839758
0.147890061140
0.147619336843
0.147389978170
0.147202461958
0.147057741880
0.146958202124
0.146903365850
0.146893113852
0.146928280592
0.147009104490
0.147136420012
0.147309392691
0.147527307272
0.147791832685
0.148100823164
0.148454874754
0.148853033781
0.149295181036
0.149780005217
0.150307387114
0.150876134634
0.151484578848
0.152132481337
0.152817934752
0.153539747000
0.154296606779
0.155086129904
0.155906885862
0.156756371260
0.157633513212
0.238343924284
0.203896611929
0.183149307966
0.170507282019
0.162678569555
0.157721489668
0.154486268759
0.152288049459
0.150713533163
0.149512857199
0.148533791304
0.147684663534
0.146908849478
0.146171420813
0.145454019308
0.144746273756
0.144044011831
0.143346756697
0.142655938864
0.141975730658
0.141307920218
0.140656560659
0.140025585890
0.139419287443
0.138839691877
0.138289064169
0.137770980597
0.137286037207
0.136835664511
0.136421173811
0.136042326689
0.135699838400
0.135394662619
0.135125845671
0.134892314672
0.134694427252
0.134531348944
0.134402602911
0.134306639433
0.134242743254
0.134211272001
0.134209841490
0.134237259626
0.134294360876
0.134378403425
0.134489268064
0.134625881910
0.134786337614
0.134971588850
0.135178893805
0.135408014059
0.135657399893
0.135927051306
0.136213630438
0.136518567801
0.136839240789
0.137174099684
0.137522071600
0.137880772352
0.138247936964
0.138622850180
0.139001578093
0.139381617308
0.139759629965
0.270167082548
0.237352699041
0.217634648085
0.205861657858
0.198892086744
0.194818824530
0.192485064268
0.191186994314
0.190495461226
0.190144985914
0.189977258444
0.189892619848
0.189833015203
0.189762800932
0.189663976431
0.189527004957
0.189349740744
0.189132541418
0.188878387213
0.188592165709
0.188279360533
0.187946170568
0.187597125769
0.187237948179
0.186873883009
0.186508387327
0.186147063971
0.185793250799
0.185450404882
0.185121268034
0.184808224440
0.184514492750
0.184240669012
0.183989971876
0.183762639761
0.183561056852
0.183386415243
0.183239668608
0.183121770620
0.183032482862
0.182974666357
0.182947844267
0.182952374220
0.182989567518
0.183059066534
0.183163493872
0.183300584555
0.183472722769
0.183679550886
0.183922141790
0.184200972319
0.184517115355
0.184868663549
0.185259193182
0.185687869787
0.186155289412
0.186662524939
0.187208861113
0.187795847654
0.188423246145
0.189092725515
0.189804524183
0.190558165312
0.191353768110
0.502857208252
0.437407582998
0.397012203932
0.372131556273
0.356850951910
0.347529262304
0.341917127371
0.338616460562
0.336741179228
0.335727781057
0.335208266973
0.334941953421
0.334770768881
0.334592431784
0.334341973066
0.333981961012
0.333491057158
0.332863777876
0.332103937864
0.331220000982
0.330226749182
0.329138129950
0.327974170446
0.326749771833
0.325484365225
0.324192374945
0.322890013456
0.321589916945
0.320307582617
0.319051474333
0.317831486464
0.316658109426
0.315535992384
0.314473241568
0.313475221395
0.312543958426
0.311686724424
0.310903996229
0.310200184584
0.309575289488
0.309030622244
0.308569043875
0.308190315962
0.307895630598
0.307685583830
0.307559937239
0.307518929243
0.307561844587
0.307690471411
0.307902544737
0.308198302984
0.308578699827
0.309042304754
0.309589236975
0.310218304396
0.310929745436
0.311722725630
0.312597244978
0.313552349806
0.314587324858
0.315701693296
0.316894143820
0.318162769079
0.319508641958
0.387979835272
0.340313881636
0.311233729124
0.293636173010
0.283090800047
0.276863425970
0.273269146681
0.271272510290
0.270230621099
0.269744008780
0.269563525915
0.269532889128
0.269556611776
0.269574016333
0.269551724195
0.269471257925
0.269323676825
0.269109219313
0.268830627203
0.268493860960
0.268107265234
0.267679899931
0.267219752073
0.266737312078
0.266239136457
0.265735358000
0.265232056379
0.264737099409
0.264255732298
0.263793796301
0.263356894255
0.262947887182
0.262572735548
0.262233823538
0.261933177710
0.261674731970
0.261460870504
0.261292427778
0.261171311140
0.261100023985
0.261078566313
0.261109441519
0.261192053556
0.261329501867
0.261520355940
0.261766165495
0.262067884207
0.262425273657
0.262839406729
0.263311237097
0.263839811087
0.264425486326
0.265070170164
0.265771955252
0.266532629728
0.267350882292
0.268226951361
0.269162386656
0.270155161619
0.271206110716
0.272313684225
0.273477762938
0.274699658155
0.275974482298
0.173740595579
0.147951334715
0.132509559393
0.123352259398
0.117976278067
0.114856213331
0.113073676825
0.112077325583
0.111536949873
0.111256569624
0.111119717360
0.111058324575
0.111031740904
0.111017078161
0.111000508070
0.110977023840
0.110941618681
0.110895007849
0.110836714506
0.110770195723
0.110695332289
0.110616058111
0.110533446074
0.110450834036
0.110370606184
0.110293954611
0.110225170851
0.110163658857
0.110113948584
0.110076993704
0.110053032637
0.110046476126
0.110057324171
0.110088199377
0.110138624907
0.110210984945
0.110308021307
0.110429018736
0.110576122999
0.110751837492
0.110954612494
0.111188262701
0.111453503370
0.111751168966
0.112083524466
0.112453550100
0.112859815359
0.113307207823
0.113796323538
0.114330023527
0.114910691977
0.115541547537
0.116224735975
0.116965144873
0.117765516043
0.118630737066
0.119565933943
0.120575755835
0.121666759253
0.122845977545
0.124121278524
0.125501602888
0.126996248960
0.128616660833
0.608692765236
0.527109503746
0.476672858000
0.445887416601
0.427390903234
0.416552871466
0.410481184721
0.407359451056
0.406041234732
0.405789583921
0.406125992537
0.406737655401
0.407418698072
0.408033818007
0.408499568701
0.408765882254
0.408807843924
0.408620923758
0.408212512732
0.407596558332
0.406796664000
0.405837148428
0.404745668173
0.403550833464
0.402276128531
0.400950402021
0.399595350027
0.398232787848
0.396882027388
0.395560234785
0.394283026457
0.393062084913
0.391910642385
0.390835016966
0.389845222235
0.388946503401
0.388145416975
0.387445777655
0.386851519346
0.386364310980
0.385986655951
0.385720700026
0.385568231344
0.385528057814
0.385600775480
0.385789126158
0.386090964079
0.386507362127
0.387037485838
0.387682288885
0.388439863920
0.389310568571
0.390295475721
0.391391366720
0.392599552870
0.393919080496
0.395348995924
0.396887511015
0.398534029722
0.400288432837
0.402147501707
0.404110044241
0.406173795462
0.408335655928
0.097434014082
0.075700610876
0.064133614302
0.058403342962
0.055908173323
0.055121868849
0.055170267820
0.055568069220
0.056056946516
0.056507319212
0.056863993406
0.057107061148
0.057239860296
0.057273834944
0.057223647833
0.057103365660
0.056929796934
0.056713551283
0.056465476751
0.056195825338
0.055912345648
0.055620402098
0.055324405432
0.055028527975
0.054737538099
0.054452508688
0.054175347090
0.053907841444
0.053651064634
0.053405255079
0.053171128035
0.052950471640
0.052740782499
0.052544921637
0.052361696959
0.052190274000
0.052031368017
0.051884740591
0.051751226187
0.051628917456
0.051518648863
0.051419585943
0.051332205534
0.051256030798
0.051189988852
0.051134914160
0.051089853048
0.051054090261
0.051026672125
0.051009505987
0.050999611616
0.050997227430
0.051001518965
0.051011532545
0.051026910543
0.051045626402
0.051066964865
0.051090210676
0.051112622023
0.051133841276
0.051151841879
0.051163285971
0.051167339087
0.051161140203
0.303951948881
0.256335824728
0.227484077215
0.209824770689
0.198898404837
0.192076295614
0.187795013189
0.185108870268
0.183435887098
0.182407945395
0.181786030531
0.181412190199
0.181177705526
0.181007117033
0.180851548910
0.180675953627
0.180457800627
0.180185526609
0.179854840040
0.179465740919
0.179023712873
0.178535073996
0.178010433912
0.177459448576
0.176891773939
0.176319807768
0.175752848387
0.175200909376
0.174672216177
0.174174994230
0.173716634512
0.173303216696
0.172939270735
0.172630876303
0.172380179167
0.172190159559
0.172065705061
0.172005742788
0.172013252974
0.172088712454
0.172232955694
0.172446697950
0.172729939222
0.173082560301
0.173504918814
0.173995941877
0.174555033445
0.175183266401
0.175877660513
0.176639288664
0.177466720343
0.178359478712
0.179317086935
0.180337756872
0.181421607733
0.182566970587
0.183772414923
0.185036987066
0.186360329390
0.187739461660
0.189173549414
0.190660208464
0.192196220160
0.193780511618
0.239683479071
0.208548635244
0.190110296011
0.179206341505
0.172761648893
0.168945282698
0.166668862104
0.165283292532
0.164401739836
0.163794010878
0.163321822882
0.162905067205
0.162497609854
0.162074297667
0.161622971296
0.161140769720
0.160626500845
0.160084217787
0.159518688917
0.158935517073
0.158340901136
0.157739847898
0.157138317823
0.156540840864
0.155952066183
0.155375689268
0.154815286398
0.154273837805
0.153755038977
0.153258532286
0.152788251638
0.152344793081
0.151929348707
0.151543229818
0.151187390089
0.150862544775
0.150568574667
0.150305598974
0.150074809790
0.149875730276
0.149710148573
0.149575322866
0.149472922087
0.149402946234
0.149365872145
0.149360984564
0.149387687445
0.149447053671
0.149538367987
0.149661511183
0.149816364050
0.150003522635
0.150222271681
0.150472968817
0.150755256414
0.151068538427
0.151413172483
0.151788562536
0.152195066214
0.152630537748
0.153096288443
0.153589576483
0.154110759497
0.154658645391
0.373868793249
0.327486008406
0.299441188574
0.282686680555
0.272813528776
0.267103880644
0.263895362616
0.262177079916
0.261330217123
0.260978311300
0.260891288519
0.260925740004
0.260993808508
0.261043757200
0.261044830084
0.260977238417
0.260835975409
0.260617941618
0.260325163603
0.259963482618
0.259540289640
0.259063214064
0.258540481329
0.257980436087
0.257392615080
0.256785005331
0.256163805723
0.255538195372
0.254914611578
0.254298299551
0.253695338964
0.253111928701
0.252550810575
0.252017229795
0.251514881849
0.251045793295
0.250615209341
0.250223726034
0.249873489141
0.249568074942
0.249307841063
0.249094098806
0.248930305243
0.248815387487
0.248750180006
0.248736947775
0.248774737120
0.248866409063
0.249010533094
0.249206990004
0.249458283186
0.249762505293
0.250120252371
0.250532120466
0.250997513533
0.251517266035
0.252090305090
0.252717703581
0.253397673368
0.254132956266
0.254921406507
0.255764216185
0.256662577391
0.257616370916
0.226648658514
0.198298186064
0.181312650442
0.171204060316
0.165227860212
0.161718696356
0.159672468901
0.158485382795
0.157794207335
0.157381504774
0.157116621733
0.156921356916
0.156752794981
0.156583279371
0.156400293112
0.156197041273
0.155971020460
0.155723303556
0.155456393957
0.155172914267
0.154878467321
0.154575079679
0.154266327620
0.153957813978
0.153650850058
0.153349369764
0.153057545424
0.152776449919
0.152509778738
0.152258843184
0.152025908232
0.151813358068
0.151622146368
0.151454895735
0.151311486959
0.151193708181
0.151104182005
0.151041358709
0.151007860899
0.151003807783
0.151030987501
0.151089876890
0.151180833578
0.151304811239
0.151462882757
0.151655763388
0.151883929968
0.152147978544
0.152448862791
0.152787655592
0.153165072203
0.153581351042
0.154038518667
0.154536932707
0.155077785254
0.155662506819
0.156293839216
0.156970828772
0.157697051764
0.158475011587
0.159306138754
0.160193413496
0.161139577627
0.162150710821
0.128478139639
0.110375374556
0.100587219000
0.095518320799
0.093075364828
0.092047542334
0.091745465994
0.091783970594
0.091951459646
0.092134922743
0.092283099890
0.092372983694
0.092400163412
0.092369288206
0.092288702726
0.092168301344
0.092018216848
0.091848343611
0.091667264700
0.091482967138
0.091300457716
0.091126292944
0.090965241194
0.090819686651
0.090693563223
0.090589612722
0.090508669615
0.090453237295
0.090423792601
0.090421050787
0.090446084738
0.090498179197
0.090578526258
0.090686529875
0.090822070837
0.090984672308
0.091174572706
0.091390460730
0.091632694006
0.091900080442
0.092192739248
0.092509359121
0.092849224806
0.093211740255
0.093596428633
0.094001382589
0.094426363707
0.094870656729
0.095332592726
0.095811814070
0.096305578947
0.096815317869
0.097337573767
0.097871035337
0.098415106535
0.098967760801
0.099526375532
0.100089758635
0.100655764341
0.101222246885
0.101785749197
0.102343529463
0.102892845869
0.103429645300
0.252863019705
0.220900744200
0.201904982328
0.190756171942
0.184304565191
0.180633991957
0.178588360548
0.177474945784
0.176880925894
0.176559537649
0.176365345716
0.176212877035
0.176054567099
0.175863951445
0.175628393888
0.175342291594
0.175006240606
0.174624413252
0.174201577902
0.173743933439
0.173259228468
0.172752350569
0.172230809927
0.171701520681
0.171169966459
0.170642107725
0.170122593641
0.169616669416
0.169128149748
0.168662279844
0.168221086264
0.167807668447
0.167425721884
0.167076677084
0.166762799025
0.166486710310
0.166250079870
0.166053980589
0.165899246931
0.165788859129
0.165722578764
0.165700763464
0.165725439787
0.165797084570
0.165917128325
0.166084855795
0.166302293539
0.166568845510
0.166887015104
0.167256087065
0.167677253485
0.168151706457
0.168679565191
0.169262498617
0.169900983572
0.170597523451
0.171352595091
0.172167867422
0.173046678305
0.173988670111
0.174999684095
0.176081269979
0.177238553762
0.178475588560
0.315347880125
0.280312150717
0.259202569723
0.246651738882
0.239303320646
0.235083192587
0.232723802328
0.231450527906
0.230791062117
0.230458229780
0.230276077986
0.230139821768
0.229986518621
0.229779213667
0.229499191046
0.229137152433
0.228693813086
0.228170365095
0.227572649717
0.226909369230
0.226188510656
0.225419849157
0.224612683058
0.223774641752
0.222915261984
0.222042173147
0.221164196730
0.220287412405
0.219418376684
0.218563288450
0.217728227377
0.216917842627
0.216135710478
0.215386956930
0.214673966169
0.213999956846
0.213369578123
0.212784498930
0.212246626616
0.211758226156
0.211321204901
0.210938781500
0.210610479116
0.210338920355
0.210125416517
0.209972113371
0.209879249334
0.209849685431
0.209882587194
0.209980696440
0.210146993399
0.210381716490
0.210686534643
0.211063951254
0.211516708136
0.212045520544
0.212655395269
0.213349670172
0.214130848646
0.215004175901
0.215975016356
0.217049688101
0.218234986067
0.219539493322
0.416474431753
0.351403325796
0.311982005835
0.288028329611
0.273456543684
0.264640659094
0.259407013655
0.256429642439
0.254880398512
0.254225343466
0.254114240408
0.254303783178
0.254623621702
0.254956930876
0.255217403173
0.255350440741
0.255318492651
0.255102366209
0.254697173834
0.254103392363
0.253334015608
0.252404421568
0.251334637403
0.250146955252
0.248864501715
0.247509092093
0.246103852987
0.244670599699
0.243228167295
0.241794317961
0.240386098623
0.239018648863
0.237703293562
0.236452549696
0.235274523497
0.234177798033
0.233169883490
0.232255786657
0.231439560652
0.230726569891
0.230119079351
0.229618281126
0.229226678610
0.228944629431
0.228774636984
0.228713840246
0.228763550520
0.228924006224
0.229194372892
0.229573100805
0.230059117079
0.230649918318
0.231346338987
0.232145875692
0.233045548201
0.234045594931
0.235141962767
0.236333698034
0.237617105246
0.238991349936
0.240452259779
0.241997927427
0.243622988462
0.245326370001
0.329647988081
0.285955637693
0.259393304586
0.243523925543
0.234219044447
0.228888243437
0.225934356451
0.224378556013
0.223627775908
0.223321288824
0.223239511251
0.223248690367
0.223267763853
0.223244994879
0.223151415586
0.222968429327
0.222690314054
0.222313493490
0.221839398146
0.221273392439
0.220623940229
0.219899982214
0.219110578299
0.218266338110
0.217378109694
0.216455906630
0.215509504080
0.214548915625
0.213581651449
0.212617009878
0.211662381887
0.210725039244
0.209809750319
0.208923548460
0.208071082830
0.207256644964
0.206483453512
0.205756992102
0.205078810453
0.204453200102
0.203881233931
0.203365057707
0.202909082174
0.202512949705
0.202179759741
0.201911181211
0.201709359884
0.201574414968
0.201508611441
0.201514571905
0.201592892408
0.201746314764
0.201975673437
0.202284425497
0.202675074339
0.203149884939
0.203712195158
0.204366415739
0.205116719007
0.205967873335
0.206927269697
0.208002537489
0.209202855825
0.210537999868
0.225572317839
0.188722461462
0.166856259108
0.154106229544
0.146810024977
0.142726749182
0.140500396490
0.139323681593
0.138719767332
0.138410776854
0.138237565756
0.138110011816
0.137977689505
0.137814849615
0.137609690428
0.137356609106
0.137055486441
0.136711567640
0.136326283216
0.135907500982
0.135459989309
0.134989231825
0.134503573179
0.134006351233
0.133505433798
0.133004873991
0.132511705160
0.132028788328
0.131561249495
0.131113022566
0.130688160658
0.130289167166
0.129920333624
0.129582136869
0.129278630018
0.129011601210
0.128780931234
0.128590077162
0.128439515829
0.128331631422
0.128264158964
0.128241747618
0.128262132406
0.128327339888
0.128437131643
0.128591388464
0.128791540861
0.129035681486
0.129325717688
0.129659980536
0.130039185286
0.130462139845
0.130930036306
0.131440967321
0.131994098425
0.132590383291
0.133227556944
0.133905857801
0.134624451399
0.135382264853
0.136179178953
0.137014597654
0.137887567282
0.138798326254
0.102679461241
0.085261076689
0.075814336538
0.070918172598
0.068553537130
0.067542761564
0.067216485739
0.067202061415
0.067298978567
0.067402690649
0.067466229200
0.067472189665
0.067415922880
0.067305654287
0.067145913839
0.066949099302
0.066722244024
0.066474407911
0.066211670637
0.065940827131
0.065664499998
0.065389722586
0.065118163824
0.064851850271
0.064594477415
0.064346760511
0.064111083746
0.063887208700
0.063676446676
0.063480824232
0.063298910856
0.063133090734
0.062982767820
0.062848657370
0.062730878592
0.062629669905
0.062545627356
0.062478154898
0.062428683043
0.062396258116
0.062381595373
0.062385886908
0.062407344580
0.062447398901
0.062507599592
0.062585562468
0.062683314085
0.062799900770
0.062937110662
0.063094347715
0.063271254301
0.063469737768
0.063688367605
0.063929408789
0.064192384481
0.064476460218
0.064784139395
0.065114945173
0.065469473600
0.065848201513
0.066252082586
0.066682308912
0.067138999701
0.067624062300
0.181561678648
0.155953615904
0.141213506460
0.132902830839
0.128333657980
0.125903815031
0.124667376280
0.124072879553
0.123804658651
0.123682945967
0.123605817556
0.123523563147
0.123409360647
0.123253673315
0.123054355383
0.122813314199
0.122535675764
0.122228592634
0.121897190809
0.121548742056
0.121188849211
0.120822876692
0.120455712080
0.120092004538
0.119735568762
0.119389384985
0.119057506323
0.118742674589
0.118447035551
0.118172496557
0.117921084166
0.117694467306
0.117494553328
0.117320984602
0.117176264524
0.117060989141
0.116975754499
0.116921395063
0.116898983717
0.116908520460
0.116951555014
0.117026776075
0.117136090994
0.117279857397
0.117457836866
0.117671698332
0.117919653654
0.118204087019
0.118524998426
0.118881314993
0.119274586439
0.119704931974
0.120174378157
0.120679944754
0.121224850416
0.121808499098
0.122432202101
0.123095959425
0.123800367117
0.124548166990
0.125338047743
0.126172035933
0.127052634954
0.127982348204
0.225492209196
0.193666785955
0.174898356199
0.163802832365
0.157194584608
0.153201073408
0.150719612837
0.149103373289
0.147971838713
0.147106140852
0.146376460791
0.145708650351
0.145065397024
0.144424408674
0.143777698278
0.143122404814
0.142460793257
0.141797155142
0.141134589911
0.140479773283
0.139837235212
0.139210313559
0.138604134321
0.138022512197
0.137467712164
0.136942833662
0.136449307203
0.135988563299
0.135562151670
0.135171622038
0.134816378355
0.134497493505
0.134214848280
0.133968442678
0.133758991957
0.133584231138
0.133445113897
0.133342593908
0.133273452520
0.133239477873
0.133238404989
0.133270710707
0.133335560560
0.133431643248
0.133559912443
0.133718341589
0.133906453848
0.134124130011
0.134370177984
0.134643644094
0.134944170713
0.135270327330
0.135621160269
0.135995596647
0.136394113302
0.136812537909
0.137250870466
0.137708514929
0.138182491064
0.138670533895
0.139170259237
0.139680594206
0.140196412802
0.140716522932
0.245601862669
0.211444586515
0.191169947386
0.179104417562
0.171879261732
0.167500942945
0.164788335562
0.163046091795
0.161858648062
0.160983413458
0.160273045301
0.159645050764
0.159050196409
0.158461421728
0.157867640257
0.157261818647
0.156644076109
0.156016558409
0.155384868383
0.154751747847
0.154122680426
0.153503030539
0.152896612883
0.152309626341
0.151743143797
0.151201575994
0.150686711073
0.150202125311
0.149748772383
0.149328559637
0.148942440748
0.148591488600
0.148277014494
0.147998064756
0.147756785154
0.147551864386
0.147384256124
0.147252529860
0.147158592939
0.147101014853
0.147079437971
0.147094339132
0.147145479918
0.147232741117
0.147354334593
0.147511571646
0.147702902555
0.147928446531
0.148187726736
0.148480147123
0.148805230856
0.149163097143
0.149551838636
0.149972170591
0.150422066450
0.150901883841
0.151409715414
0.151945441961
0.152506679296
0.153092354536
0.153702586889
0.154332250357
0.154980629683
0.155645698309
0.417138904333
0.361025303602
0.326856821775
0.306320399046
0.294155806303
0.287097305059
0.283137291670
0.281047791243
0.280075997114
0.279758185148
0.279806464911
0.280040949583
0.280344933271
0.280646771193
0.280900090933
0.281077712774
0.281162589788
0.281148642302
0.281036227942
0.280826538801
0.280529350042
0.280152887106
0.279706209898
0.279201358557
0.278650373220
0.278062790632
0.277449935675
0.276821702719
0.276186317205
0.275553554296
0.274930089712
0.274322241545
0.273735493422
0.273176282644
0.272648543119
0.272155135870
0.271699637175
0.271285623312
0.270914405584
0.270586818457
0.270306557417
0.270072311163
0.269885748625
0.269747704268
0.269659250975
0.269618839025
0.269627064466
0.269683688879
0.269789308310
0.269941419363
0.270140379667
0.270387142897
0.270678609610
0.271015375853
0.271395295858
0.271818131208
0.272282928228
0.272788375616
0.273332923651
0.273915857077
0.274536699057
0.275193303823
0.275884479284
0.276609390974
0.287608832121
0.242845624685
0.215981096029
0.199828237295
0.190087288618
0.184202164412
0.180655807257
0.178538650274
0.177303165197
0.176613777876
0.176260203123
0.176107019186
0.176065057516
0.176074713469
0.176092952490
0.176092118025
0.176051825285
0.175961583853
0.175814360380
0.175608962774
0.175346821547
0.175032466650
0.174674123526
0.174279779196
0.173856943846
0.173416465521
0.172968000174
0.172520011663
0.172082990408
0.171662181616
0.171268433332
0.170906037092
0.170581549406
0.170301407576
0.170068591833
0.169887870550
0.169762343168
0.169694751501
0.169688314199
0.169742554426
0.169861882925
0.170044153929
0.170292347670
0.170606225729
0.170985788107
0.171430557966
0.171942085028
0.172517389059
0.173157781363
0.173862189054
0.174630135298
0.175459235907
0.176349133253
0.177299350500
0.178307503462
0.179371565580
0.180490344763
0.181660860777
0.182881444693
0.184150069952
0.185462802649
0.186816662550
0.188207358122
0.189631313086
